#(0 0 0 0 0 0 0 0 0 0 0 0 0 0 0 1 0 0 0 0 1 -1 0 0 0 0 0 0 0 0 0 0 0 0 0 0 0 0 0 0 0 0 0 0 0 0 0 0 0 1 0 0 0 0 0 0 0 0 0 0 0 0 0 0 0 0 0 0 0 0 -1 0 0
  0 0 0 0 0 0 0 0)1(NIL "full-conv-0.75-0" 16 1 500 "small-conv-0.75-0" 16 1 500)
#(0 1 0 0 0 -1 -1 0 0 1 0 1 0 -1 0 1 -1 0 0 -1 1 -1 0 -1 1 0 0 0 0 1 0 1 0 -1 -1 0 1 0 0 0 0 0 0 -1 0 0 -1 0 1 1 1 -1 0 1 0 0 -1 0 1 1 1 1 1 0 1 0 -1
  -1 1 0 -1 -1 0 1 -1 0 0 0 0 0 0)1(NIL "full-conv-0.75-0" 16 1 500 "small-conv-0.75-0" 16 1 500)
#(0 1 0 0 0 0 -1 0 0 0 0 1 0 -1 0 1 0 0 0 -1 1 -1 0 -1 1 0 0 0 0 1 0 1 0 -1 0 0 1 0 0 0 0 0 0 -1 0 0 -1 0 1 1 1 -1 0 0 0 0 -1 0 0 1 1 0 1 0 1 0 -1 -1
  1 0 -1 -1 0 0 0 0 0 0 0 0 0)1(NIL "full-conv-0.75-0" 16 1 500 "small-conv-0.75-0" 16 1 500)
#(0 1 0 0 0 0 0 0 0 0 0 1 0 -1 0 1 0 0 0 0 1 -1 0 -1 0 0 0 0 0 1 0 0 0 0 0 0 1 0 0 0 0 0 0 -1 0 0 -1 0 1 1 1 -1 0 0 0 0 -1 0 0 0 1 0 0 0 1 0 0 -1 1 0
  -1 -1 0 0 0 0 0 0 0 0 0)1(NIL "full-conv-0.75-0" 16 1 500 "small-conv-0.75-0" 16 1 500)
#(0 0 0 0 0 0 0 0 0 0 0 0 0 0 0 0 0 0 0 1 1 0 0 -1 0 0 0 0 0 0 -1 1 0 0 0 0 0 0 0 0 1 1 0 0 0 0 0 0 0 0 0 0 0 0 0 0 0 1 0 0 0 -1 0 0 0 0 0 -1 0 -1 -1
  0 0 0 0 0 0 0 0 0 0)1(NIL "small-conv-0.5-0" 16 1 500 "small-conv-0.75-0" 16 1 500)
#(0 0 0 0 0 0 0 0 0 0 0 0 0 0 0 0 0 0 0 1 0 0 0 0 0 0 0 0 0 0 0 0 0 0 0 0 0 0 0 0 0 0 0 0 0 0 0 0 0 0 0 0 0 0 0 0 0 0 0 0 0 0 0 0 0 0 0 0 0 0 -1 0 0 0
  0 0 0 0 0 0 0)1(NIL "small-conv-0.5-0" 16 1 500 "small-conv-0.75-0" 16 1 500)
#(0 0 1 0 -1 1 0 0 -1 0 -1 0 -1 0 0 -1 -1 0 -1 1 1 1 1 -1 0 -1 1 1 0 1 -1 1 1 -1 0 1 0 0 1 0 1 1 1 0 -1 -1 -1 1 1 1 0 -1 1 0 1 0 -1 1 0 1 0 -1 1 -1 -1
  0 0 -1 -1 -1 -1 0 0 -1 0 -1 0 1 -1 0 -1)1(NIL "small-conv-0.5-0" 16 1 500 "small-conv-0.75-0" 16 1 500)
#(0 0 0 0 0 0 0 0 0 0 -1 0 0 0 0 0 0 0 0 1 1 0 0 -1 0 0 0 0 0 0 -1 1 1 0 0 0 0 0 1 0 1 1 0 0 0 0 0 1 0 0 0 -1 1 0 0 0 -1 1 0 1 0 -1 0 0 0 0 0 -1 -1 -1
  -1 0 0 0 0 0 0 0 0 0 0)1(NIL "small-conv-0.5-0" 16 1 500 "small-conv-0.75-0" 16 1 500)
#(0 0 0 0 0 0 0 0 0 0 1 -1 0 0 0 0 0 0 0 0 0 1 0 0 1 0 0 0 -1 0 -1 -1 0 1 1 0 0 0 -1 -1 -1 1 1 0 0 0 1 1 0 0 0 1 -1 0 0 0 0 0 0 0 -1 0 0 0 0 0 -1 0 0
  -1 1 0 0 0 0 0 0 0 0 0 0)-1(NIL "small-conv-0.75-0" 16 1 500 "small-conv-0.5-0" 16 1 500)
#(0 0 0 0 0 0 0 0 0 0 1 -1 0 0 0 0 0 0 0 0 0 0 0 0 1 0 0 0 -1 0 -1 0 0 1 1 0 0 0 0 0 -1 1 0 0 0 0 0 0 0 0 0 0 0 0 0 0 0 0 0 0 -1 0 0 0 0 0 -1 0 0 0 1
  0 0 0 0 0 0 0 0 0 0)-1(NIL "small-conv-0.75-0" 16 1 500 "small-conv-0.5-0" 16 1 500)
#(0 1 1 0 -1 0 0 1 0 1 1 -1 -1 -1 -1 0 0 0 1 1 1 1 0 0 1 -1 0 -1 -1 0 -1 -1 1 1 1 0 -1 0 -1 -1 -1 1 1 0 1 0 1 1 0 1 0 1 -1 0 0 1 0 -1 1 -1 -1 -1 -1 1
  0 -1 -1 0 -1 -1 1 1 0 -1 1 0 -1 1 0 -1 0)-1(NIL "small-conv-0.75-0" 16 1 500 "small-conv-0.5-0" 16 1 500)
#(0 1 1 0 -1 0 0 0 0 0 1 -1 0 0 0 0 0 0 0 1 1 1 0 0 1 -1 0 -1 -1 0 -1 -1 0 1 1 0 -1 0 -1 -1 -1 1 1 0 0 0 1 1 0 1 0 1 -1 0 0 1 0 0 0 0 -1 0 0 0 0 -1 -1
  0 0 -1 1 0 0 0 0 0 0 0 0 0 0)-1(NIL "small-conv-0.75-0" 16 1 500 "small-conv-0.5-0" 16 1 500)
#(1 0 0 0 -1 0 0 0 0 0 1 0 0 1 1 -1 -1 0 0 0 1 0 0 -1 0 1 0 1 -1 1 0 1 1 0 1 0 0 1 -1 1 -1 1 -1 0 0 1 -1 0 0 0 0 0 0 0 0 0 1 1 -1 0 0 -1 0 0 -1 -1 -1
  0 1 -1 -1 -1 -1 0 0 0 0 1 0 0 0)1(NIL "small-conv-0.75-0" 16 1 500 "small-conv-0.5-0" 16 1 500)
#(1 0 0 0 -1 0 0 0 0 0 1 0 0 1 1 -1 -1 0 0 0 1 0 0 -1 0 1 0 1 -1 1 0 1 1 0 1 0 0 1 -1 1 -1 1 -1 0 0 1 -1 0 0 0 0 0 0 0 0 0 1 1 -1 0 0 -1 0 0 -1 -1 -1
  0 1 -1 -1 -1 -1 0 0 0 0 1 0 0 0)1(NIL "small-conv-0.75-0" 16 1 500 "small-conv-0.5-0" 16 1 500)
#(0 0 0 0 0 0 0 0 0 0 0 0 0 0 0 0 0 0 0 0 0 0 0 0 0 0 0 0 0 0 0 0 0 0 0 0 0 0 0 0 -1 0 0 0 0 0 0 0 0 0 0 0 0 0 0 0 1 0 0 0 0 0 0 0 0 0 0 0 0 0 0 0 0 0
  0 0 0 0 0 0 0)1(NIL "small-conv-0.75-0" 16 1 500 "small-conv-0.5-0" 16 1 500)
#(0 0 0 0 0 0 0 0 0 0 1 0 0 0 0 -1 0 0 0 0 1 0 0 0 0 1 0 0 0 0 0 1 1 0 0 0 0 0 0 0 -1 0 0 0 0 0 -1 0 0 0 0 0 0 0 0 0 1 0 0 0 0 -1 0 0 -1 0 0 0 0 -1 0
  0 0 0 0 0 0 0 0 0 0)1(NIL "small-conv-0.75-0" 16 1 500 "small-conv-0.5-0" 16 1 500)
#(0 0 0 0 0 0 0 0 0 0 0 0 0 1 0 1 -1 0 0 0 -1 0 -1 1 1 -1 1 1 -1 -1 1 1 0 -1 0 -1 0 1 -1 0 1 -1 0 1 0 1 0 1 -1 -1 -1 1 -1 1 0 -1 1 0 -1 -1 0 0 0 0 -1
  1 -1 0 1 0 0 1 0 -1 0 0 1 0 -1 1 0)-1(NIL "small-conv-1-0" 16 1 500 "small-conv-0.25-0" 16 1 500)
#(0 0 0 0 0 0 0 0 0 0 0 0 0 1 0 0 0 0 0 0 0 0 0 0 1 -1 0 0 0 0 1 1 0 -1 0 0 0 1 -1 0 0 -1 0 1 0 0 0 1 0 -1 -1 0 -1 0 0 0 1 0 0 -1 0 0 0 0 -1 1 0 0 0 0
  0 0 0 0 0 0 0 0 0 0 0)-1(NIL "small-conv-1-0" 16 1 500 "small-conv-0.25-0" 16 1 500)
#(0 0 1 0 0 -1 -1 0 0 -1 0 0 1 1 0 1 -1 0 1 1 -1 0 -1 1 1 -1 1 1 -1 -1 1 1 0 -1 0 -1 0 1 -1 0 1 -1 0 1 0 1 0 1 -1 -1 -1 1 -1 1 1 -1 1 0 -1 -1 1 0 0 0
  -1 1 -1 0 1 0 -1 1 -1 -1 -1 0 1 0 -1 1 0)-1(NIL "small-conv-1-0" 16 1 500 "small-conv-0.25-0" 16 1 500)
#(0 0 1 0 1 -1 -1 0 0 -1 0 0 1 1 0 1 -1 0 1 1 -1 0 -1 1 1 -1 1 1 -1 -1 1 1 0 -1 0 -1 0 1 -1 0 1 -1 0 1 0 1 0 1 -1 -1 -1 1 -1 1 1 -1 1 0 -1 -1 1 0 0 0
  -1 1 -1 0 1 0 -1 1 -1 -1 -1 0 1 0 -1 1 0)-1(NIL "small-conv-1-0" 16 1 500 "small-conv-0.25-0" 16 1 500)
