#(0 0 0 0 0 0 0 0 0 0 0 0 1 0 0 0 0 0 0 0 0 0 0 0 0 1 0 0 0 0 0 0 0 0 0 0 0 0 0 0 -1 0 0 0 0 0 0 0 0 0 0 0 0 0 0 0 -1 0 0 0 1 -1 0 0 0 0 0 0 0 0 0 0 0
  0 0 0 0 0 0 0 0)-1(NIL "charles-0" 16 1 750 "small-conn-0.75-0" 16 1 750)
#(0 0 0 0 0 0 0 0 0 0 0 0 0 0 0 0 0 0 0 0 0 0 0 0 0 1 0 0 0 0 0 0 0 0 0 0 0 0 0 0 -1 0 0 0 0 0 0 0 0 0 0 0 0 0 0 0 -1 0 0 0 1 0 0 0 0 0 0 0 0 0 0 0 0
  0 0 0 0 0 0 0 0)-1(NIL "charles-0" 16 1 750 "small-conn-0.75-0" 16 1 750)
#(0 0 0 0 0 0 0 0 0 0 0 0 1 0 0 0 0 0 0 0 0 0 0 0 0 1 0 0 0 0 0 0 0 0 0 0 0 0 0 0 -1 0 0 0 0 0 0 0 0 0 0 0 0 0 0 1 -1 0 0 0 1 -1 0 0 0 0 0 0 0 0 0 0 0
  0 0 0 0 0 0 0 0)-1(NIL "charles-0" 16 1 750 "small-conn-0.75-0" 16 1 750)
#(0 0 0 0 0 0 0 0 0 0 0 0 1 1 0 0 0 0 0 0 0 0 0 0 0 1 0 0 0 -1 0 0 0 0 0 0 0 0 0 0 -1 0 0 0 0 0 0 0 0 0 0 0 0 0 0 1 -1 1 0 -1 1 -1 0 0 0 0 0 0 0 0 0 0
  0 0 0 0 0 0 0 0 0)-1(NIL "charles-0" 16 1 750 "small-conn-0.75-0" 16 1 750)
#(0 0 0 0 1 0 0 -1 1 1 1 1 0 -1 1 0 0 0 0 1 0 1 0 0 1 -1 0 1 -1 1 0 0 0 0 -1 -1 1 0 0 0 0 1 1 -1 -1 0 0 1 -1 0 -1 0 -1 0 0 0 -1 1 1 -1 -1 1 0 0 -1 1 0
  0 -1 0 0 0 0 -1 0 0 0 -1 1 0 0)1(NIL "charles-0" 16 1 750 "small-conn-0.75-0" 16 1 750)
#(0 0 0 0 1 0 0 0 1 1 1 1 0 -1 1 0 0 0 0 1 0 1 0 0 1 -1 0 1 -1 1 0 0 0 0 -1 -1 0 0 0 0 0 1 1 -1 0 0 0 1 -1 0 -1 0 -1 0 0 0 -1 1 1 -1 -1 1 0 0 -1 1 0 0
  -1 0 0 0 0 -1 0 0 0 -1 1 0 0)1(NIL "charles-0" 16 1 750 "small-conn-0.75-0" 16 1 750)
#(0 0 0 0 1 0 0 0 1 1 1 1 0 -1 1 0 0 0 0 1 0 1 0 0 1 -1 0 1 -1 1 0 0 0 0 -1 -1 0 0 0 0 0 1 1 -1 0 0 0 1 -1 0 -1 0 -1 0 0 0 -1 1 1 -1 -1 1 0 0 -1 1 0 0
  -1 0 0 0 0 -1 0 0 0 -1 1 0 0)1(NIL "charles-0" 16 1 750 "small-conn-0.75-0" 16 1 750)
#(0 0 0 0 0 0 0 0 0 0 0 0 0 0 0 0 0 0 0 1 0 0 0 0 0 0 0 0 0 0 0 0 0 0 0 0 0 0 0 0 0 0 0 0 0 0 0 0 0 0 0 0 0 0 0 0 -1 0 0 0 0 0 0 0 0 0 0 0 0 0 0 0 0 0
  0 0 0 0 0 0 0)1(NIL "charles-0" 16 1 750 "small-conn-0.75-0" 16 1 750)
