#(0 0 1 0 1 0 1 0 1 0 0 0 1 0 1 0 1 0 0 -1 1 -1 1 -1 1 -1 0 0 -1 1 0 1 0 0 0 0 0 0 0 1 1 -1 0 0 0 0 0 0 0 0 0 0 0 0 0 0 0 0 0 0 0 0 0 0 0 0 0 0 0 0 0
  0 0 0 0 0 0 0 0 0 0)1(NIL "small-conv-0.5-0" 2 1 250 "small-conv-1-0" 2 1 250)
#(0 0 1 0 1 0 1 0 1 -1 1 0 1 0 1 0 1 -1 1 -1 1 -1 1 -1 1 -1 -1 0 -1 1 0 1 -1 1 -1 1 -1 -1 1 1 1 -1 -1 -1 0 1 1 1 0 1 -1 -1 -1 -1 -1 -1 0 1 1 0 1 -1 0
  -1 0 1 0 0 0 0 0 0 0 0 0 0 0 0 0 0 0)1(NIL "small-conv-0.5-0" 2 1 250 "small-conv-1-0" 2 1 250)
#(0 0 1 0 1 0 1 0 1 -1 1 0 1 0 1 0 1 -1 1 -1 1 -1 1 -1 1 -1 -1 0 -1 1 0 1 0 0 0 0 0 0 0 1 1 -1 0 0 0 0 0 0 0 0 0 0 0 0 0 0 0 0 0 0 0 0 0 0 0 0 0 0 0 0
  0 0 0 0 0 0 0 0 0 0 0)1(NIL "small-conv-0.5-0" 2 1 250 "small-conv-1-0" 2 1 250)
#(0 0 1 0 1 0 1 0 1 -1 1 0 1 0 1 0 1 -1 1 -1 1 -1 1 -1 1 -1 -1 0 -1 1 0 1 -1 1 -1 1 -1 -1 1 1 1 -1 -1 -1 0 1 1 1 0 1 -1 -1 -1 -1 -1 -1 0 1 1 0 1 0 0 0
  0 0 0 0 0 0 0 0 0 0 0 0 0 0 0 0 0)1(NIL "small-conv-0.5-0" 2 1 250 "small-conv-1-0" 2 1 250)
#(0 0 0 0 0 0 0 0 0 0 0 0 1 0 0 0 0 0 0 0 0 0 0 0 0 -1 0 0 0 0 0 0 0 0 0 0 0 0 0 1 1 -1 0 0 0 0 0 0 0 0 0 0 0 0 0 0 0 0 0 0 0 0 0 0 0 0 0 0 0 0 0 0 0
  0 0 0 0 0 0 0 0)1(NIL "small-conv-0.5-0" 2 1 250 "small-conv-1-0" 2 1 250)
#(0 0 1 0 1 0 1 0 1 -1 1 0 1 0 1 0 1 -1 1 -1 1 -1 1 -1 1 -1 -1 0 -1 1 0 1 -1 1 -1 0 -1 1 0 1 1 -1 -1 -1 -1 1 1 1 -1 1 -1 1 -1 -1 1 0 1 -1 0 0 0 0 0 0
  0 0 0 0 0 0 0 0 0 0 0 0 0 0 0 0 0)1(NIL "small-conv-0.5-0" 2 1 250 "small-conv-1-0" 2 1 250)
#(0 0 0 0 0 0 0 0 0 0 0 0 0 0 0 0 0 0 0 0 0 0 0 0 0 0 0 0 0 0 0 0 0 0 0 0 0 0 0 1 0 0 0 0 0 0 0 0 0 0 0 0 0 0 0 0 0 0 0 0 0 0 0 0 0 0 0 0 0 0 0 0 0 0
  0 0 0 0 0 0 0)1(NIL "small-conv-0.5-0" 2 1 250 "small-conv-1-0" 2 1 250)
#(0 0 1 0 1 0 1 0 1 -1 1 0 1 0 1 0 1 -1 1 -1 1 -1 1 -1 1 -1 -1 0 -1 1 0 1 -1 1 -1 0 -1 1 0 1 1 -1 -1 -1 -1 1 1 1 -1 1 -1 1 -1 -1 1 0 1 0 0 0 0 0 0 0 0
  0 0 0 0 0 0 0 0 0 0 0 0 0 0 0 0)1(NIL "small-conv-0.5-0" 2 1 250 "small-conv-1-0" 2 1 250)
#(0 0 1 0 1 0 1 0 1 -1 -1 1 1 0 1 0 1 1 -1 -1 1 -1 1 -1 1 0 1 1 -1 1 0 1 -1 -1 1 -1 1 0 0 1 1 -1 0 0 0 0 0 0 0 0 0 0 0 0 0 0 0 0 0 0 0 0 0 0 0 0 0 0 0
  0 0 0 0 0 0 0 0 0 0 0 0)1(NIL "small-conv-0.5-0" 2 1 250 "small-conv-1-0" 2 1 250)
#(0 0 1 0 1 0 1 0 1 -1 -1 1 1 0 1 0 1 1 -1 -1 1 -1 1 -1 1 0 1 -1 -1 1 0 1 -1 -1 1 0 0 -1 1 1 1 -1 -1 1 1 -1 1 1 0 -1 -1 1 1 0 0 -1 -1 -1 1 -1 0 0 1 -1
  1 1 0 0 0 0 0 0 0 0 0 0 0 0 0 0 0)1(NIL "small-conv-0.5-0" 2 1 250 "small-conv-1-0" 2 1 250)
#(0 0 1 0 1 0 1 -1 0 0 0 0 1 0 1 0 1 0 0 -1 1 -1 1 -1 1 -1 0 0 -1 1 0 1 0 0 0 0 0 0 0 1 1 -1 0 0 0 0 0 0 0 0 0 0 0 0 0 0 0 0 0 0 0 0 0 0 0 0 0 0 0 0 0
  0 0 0 0 0 0 0 0 0 0)1(NIL "small-conv-0.5-0" 2 1 250 "small-conv-1-0" 2 1 250)
#(0 0 1 0 1 0 1 0 1 -1 -1 1 1 0 1 0 1 1 -1 -1 1 -1 1 -1 1 -1 0 0 -1 1 0 1 0 0 0 0 0 0 0 1 1 -1 0 0 0 0 0 0 0 0 0 0 0 0 0 0 0 0 0 0 0 0 0 0 0 0 0 0 0 0
  0 0 0 0 0 0 0 0 0 0 0)1(NIL "small-conv-0.5-0" 2 1 250 "small-conv-1-0" 2 1 250)
#(0 0 0 0 0 0 0 0 0 0 0 0 1 -1 1 -1 1 0 0 -1 1 0 0 0 0 -1 0 0 0 0 0 0 0 0 0 0 0 0 0 1 1 -1 0 0 0 0 0 0 0 0 0 0 0 0 0 0 0 0 0 0 0 0 0 0 0 0 0 0 0 0 0 0
  0 0 0 0 0 0 0 0 0)1(NIL "small-conv-0.5-0" 2 1 250 "small-conv-1-0" 2 1 250)
#(0 0 1 0 1 0 1 0 1 -1 1 0 1 0 1 0 1 -1 1 -1 1 -1 1 -1 1 -1 -1 0 -1 1 0 1 -1 1 -1 0 -1 1 0 1 1 -1 -1 -1 -1 1 0 0 0 0 0 0 0 0 0 0 0 0 0 0 0 0 0 0 0 0 0
  0 0 0 0 0 0 0 0 0 0 0 0 0 0)1(NIL "small-conv-0.5-0" 2 1 250 "small-conv-1-0" 2 1 250)
#(0 0 1 0 1 0 1 0 1 -1 1 0 1 0 1 0 1 -1 1 -1 1 -1 1 -1 1 -1 -1 0 -1 1 0 1 -1 1 -1 1 -1 1 0 1 1 -1 -1 -1 0 0 0 0 0 0 0 0 0 0 0 0 0 0 0 0 0 0 0 0 0 0 0
  0 0 0 0 0 0 0 0 0 0 0 0 0 0)1(NIL "small-conv-0.5-0" 2 1 250 "small-conv-1-0" 2 1 250)
#(0 0 1 0 1 0 1 0 1 -1 1 0 1 0 1 0 1 -1 1 -1 1 -1 1 -1 1 -1 -1 0 -1 1 0 1 -1 1 -1 1 -1 1 0 1 1 -1 -1 -1 0 1 0 0 0 0 0 0 0 0 0 0 0 0 0 0 0 0 0 0 0 0 0
  0 0 0 0 0 0 0 0 0 0 0 0 0 0)1(NIL "small-conv-0.5-0" 2 1 250 "small-conv-1-0" 2 1 250)
#(0 0 1 0 1 0 1 0 1 -1 1 0 1 0 1 0 1 -1 0 -1 1 -1 1 -1 1 -1 -1 1 -1 1 0 1 -1 1 -1 0 -1 -1 1 1 1 -1 -1 1 -1 1 -1 0 0 0 0 0 0 0 0 0 0 0 0 0 0 0 0 0 0 0
  0 0 0 0 0 0 0 0 0 0 0 0 0 0 0)-1(NIL "small-conv-0.5-0" 2 1 250 "small-conv-1-0" 2 1 250)
#(0 0 1 0 1 0 1 0 1 -1 1 0 1 0 1 0 1 -1 0 -1 1 -1 1 -1 1 -1 -1 0 -1 1 0 1 -1 1 -1 1 -1 0 0 1 1 -1 0 0 0 0 0 0 0 0 0 0 0 0 0 0 0 0 0 0 0 0 0 0 0 0 0 0
  0 0 0 0 0 0 0 0 0 0 0 0 0)-1(NIL "small-conv-0.5-0" 2 1 250 "small-conv-1-0" 2 1 250)
#(0 0 0 0 0 0 0 0 0 0 0 0 0 0 0 0 0 0 0 0 0 0 0 0 0 0 0 0 0 0 0 0 0 0 0 0 0 0 0 1 1 -1 0 0 0 0 0 0 0 0 0 0 0 0 0 0 0 0 0 0 0 0 0 0 0 0 0 0 0 0 0 0 0 0
  0 0 0 0 0 0 0)-1(NIL "small-conv-0.5-0" 2 1 250 "small-conv-1-0" 2 1 250)
#(0 0 0 0 0 0 0 0 0 0 0 0 1 -1 1 0 0 0 0 0 0 0 0 0 0 -1 0 0 0 0 0 0 0 0 0 0 0 0 0 1 1 -1 0 0 0 0 0 0 0 0 0 0 0 0 0 0 0 0 0 0 0 0 0 0 0 0 0 0 0 0 0 0 0
  0 0 0 0 0 0 0 0)-1(NIL "small-conv-0.5-0" 2 1 250 "small-conv-1-0" 2 1 250)
#(0 0 0 0 0 0 0 0 0 0 0 0 1 -1 1 -1 1 0 0 -1 1 -1 0 0 0 -1 0 0 0 0 0 0 0 0 0 0 0 0 0 1 1 -1 0 0 0 0 0 0 0 0 0 0 0 0 0 0 0 0 0 0 0 0 0 0 0 0 0 0 0 0 0
  0 0 0 0 0 0 0 0 0 0)1(NIL "small-conv-0.5-0" 2 1 250 "small-conv-1-0" 2 1 250)
#(0 0 1 0 1 0 1 0 1 -1 -1 1 1 0 1 0 1 1 -1 -1 1 -1 1 0 1 0 1 -1 -1 1 0 1 1 0 1 0 0 -1 -1 1 1 0 1 0 1 -1 1 1 -1 -1 1 1 1 0 -1 1 -1 1 -1 0 0 -1 0 0 0 0
  0 0 0 0 0 0 0 0 0 0 0 0 0 0 0)1(NIL "small-conv-0.5-0" 2 1 250 "small-conv-1-0" 2 1 250)
#(0 0 1 0 1 0 1 0 1 -1 -1 1 1 0 1 0 1 1 -1 -1 1 -1 1 0 1 0 1 -1 -1 1 0 1 1 0 1 0 0 -1 -1 1 1 0 1 0 1 -1 1 1 -1 -1 1 1 1 0 -1 1 -1 0 -1 -1 1 -1 0 1 0 1
  -1 0 -1 1 0 0 0 0 0 0 0 0 0 0 0)1(NIL "small-conv-0.5-0" 2 1 250 "small-conv-1-0" 2 1 250)
#(0 0 1 -1 0 0 0 0 0 0 0 0 1 -1 1 -1 1 0 0 -1 1 -1 1 -1 1 -1 0 0 -1 1 0 1 0 0 0 0 0 0 0 1 1 -1 0 0 0 0 0 0 0 0 0 0 0 0 0 0 0 0 0 0 0 0 0 0 0 0 0 0 0 0
  0 0 0 0 0 0 0 0 0 0 0)1(NIL "small-conv-0.5-0" 2 1 250 "small-conv-1-0" 2 1 250)
#(0 0 1 0 1 0 1 0 1 -1 1 0 1 0 1 0 1 -1 0 -1 1 -1 1 -1 1 -1 -1 1 -1 1 0 1 -1 1 -1 0 0 1 1 1 1 -1 -1 0 -1 1 1 1 -1 1 -1 -1 -1 -1 1 0 0 -1 0 0 0 0 0 0 0
  0 0 0 0 0 0 0 0 0 0 0 0 0 0 0 0)1(NIL "small-conv-0.5-0" 2 1 250 "small-conv-1-0" 2 1 250)
#(0 1 1 0 1 0 1 0 1 -1 1 0 1 0 1 0 1 -1 0 -1 1 -1 1 -1 1 -1 -1 1 -1 1 0 1 -1 1 -1 0 0 1 1 1 1 -1 -1 0 -1 1 1 1 -1 1 -1 -1 -1 -1 1 1 0 -1 -1 -1 0 -1 1
  1 1 -1 0 0 -1 1 1 1 -1 0 -1 0 -1 0 0 0 0)1(NIL "small-conv-0.5-0" 2 1 250 "small-conv-1-0" 2 1 250)
#(0 0 1 0 1 0 1 0 1 -1 1 0 1 0 1 0 1 -1 0 -1 1 -1 1 -1 1 -1 -1 1 -1 1 0 1 -1 1 -1 0 -1 1 1 1 1 -1 -1 0 -1 -1 0 1 -1 0 0 0 0 0 0 0 0 0 0 0 0 0 0 0 0 0
  0 0 0 0 0 0 0 0 0 0 0 0 0 0 0)1(NIL "small-conv-0.5-0" 2 1 250 "small-conv-1-0" 2 1 250)
#(0 0 0 0 0 0 0 0 0 0 0 0 1 -1 1 -1 1 0 0 -1 0 0 0 0 0 -1 0 0 0 0 0 0 0 0 0 0 0 0 0 1 1 -1 0 0 0 0 0 0 0 0 0 0 0 0 0 0 0 0 0 0 0 0 0 0 0 0 0 0 0 0 0 0
  0 0 0 0 0 0 0 0 0)1(NIL "small-conv-0.5-0" 2 1 250 "small-conv-1-0" 2 1 250)
#(0 0 0 0 0 0 0 0 0 0 0 0 0 0 0 0 0 0 0 0 0 0 0 0 0 0 0 0 0 0 0 0 0 0 0 0 0 0 0 1 0 -1 0 0 0 0 0 0 0 0 0 0 0 0 0 0 0 0 0 0 0 0 0 0 0 0 0 0 0 0 0 0 0 0
  0 0 0 0 0 0 0)1(NIL "small-conn-0.5-0" 2 1 250 "small-conn-1-0" 2 1 250)
#(0 0 0 0 0 0 0 0 0 0 0 0 0 0 0 0 0 0 0 0 0 0 0 0 0 0 0 0 0 0 0 0 0 0 0 0 0 0 0 1 1 -1 0 0 0 0 0 0 0 0 0 0 0 0 0 0 0 0 0 0 0 0 0 0 0 0 0 0 0 0 0 0 0 0
  0 0 0 0 0 0 0)1(NIL "small-conn-0.5-0" 2 1 250 "small-conn-1-0" 2 1 250)
#(0 0 1 0 1 -1 0 0 0 0 0 0 1 0 1 -1 1 0 0 -1 1 -1 1 -1 1 -1 0 0 -1 1 0 1 0 0 0 0 0 0 0 1 1 -1 0 0 0 0 0 0 0 0 0 0 0 0 0 0 0 0 0 0 0 0 0 0 0 0 0 0 0 0
  0 0 0 0 0 0 0 0 0 0 0)1(NIL "small-conn-0.5-0" 2 1 250 "small-conn-1-0" 2 1 250)
#(0 0 1 0 1 0 1 -1 0 0 0 0 1 0 1 0 1 0 0 -1 1 -1 1 -1 1 -1 0 0 -1 1 0 1 0 0 0 0 0 0 0 1 1 -1 0 0 0 0 0 0 0 0 0 0 0 0 0 0 0 0 0 0 0 0 0 0 0 0 0 0 0 0 0
  0 0 0 0 0 0 0 0 0 0)1(NIL "small-conn-0.5-0" 2 1 250 "small-conn-1-0" 2 1 250)
#(0 0 1 0 1 0 1 0 1 0 0 0 1 0 1 0 1 0 0 -1 1 -1 1 -1 1 -1 0 0 -1 1 0 1 0 0 0 0 0 0 0 1 1 -1 0 0 0 0 0 0 0 0 0 0 0 0 0 0 0 0 0 0 0 0 0 0 0 0 0 0 0 0 0
  0 0 0 0 0 0 0 0 0 0)1(NIL "small-conv-0.5-0" 2 1 250 "small-conv-1-0" 2 1 250)
#(0 0 0 0 0 0 0 0 0 0 0 0 1 -1 1 0 0 0 0 0 0 0 0 0 0 -1 0 0 0 0 0 0 0 0 0 0 0 0 0 1 1 -1 0 0 0 0 0 0 0 0 0 0 0 0 0 0 0 0 0 0 0 0 0 0 0 0 0 0 0 0 0 0 0
  0 0 0 0 0 0 0 0)1(NIL "small-conv-0.5-0" 2 1 250 "small-conv-1-0" 2 1 250)
#(0 -1 1 0 1 0 1 0 1 -1 1 0 1 0 1 0 1 0 0 -1 1 -1 1 0 1 0 1 0 -1 1 0 1 -1 1 -1 0 1 1 -1 1 1 0 1 0 1 0 1 -1 1 1 1 -1 1 0 1 -1 -1 1 0 1 -1 1 0 1 -1 0 -1
  1 1 0 1 1 0 0 -1 -1 0 0 0 1 0)1(NIL "small-conv-0.5-0" 2 1 250 "small-conv-1-0" 2 1 250)
#(0 -1 1 0 1 0 1 0 1 -1 1 0 1 0 1 0 1 0 0 -1 1 -1 1 0 1 -1 1 0 -1 1 0 1 -1 1 -1 -1 1 1 -1 1 1 0 1 -1 -1 0 1 -1 1 1 1 -1 1 -1 1 -1 -1 1 -1 1 -1 1 0 1 0
  0 0 0 0 0 0 0 0 0 0 0 0 0 0 0 0)1(NIL "small-conv-0.5-0" 2 1 250 "small-conv-1-0" 2 1 250)
#(0 0 1 0 1 0 1 0 1 -1 1 0 1 0 1 0 1 0 0 -1 1 -1 1 0 1 -1 1 -1 -1 1 0 1 1 1 0 1 -1 1 1 1 1 -1 0 1 1 -1 -1 1 -1 -1 1 1 0 1 -1 -1 0 1 0 1 1 -1 -1 1 1 0
  -1 -1 0 0 1 0 0 1 0 0 0 0 0 0 0)1(NIL "small-conv-0.5-0" 2 1 250 "small-conv-1-0" 2 1 250)
#(0 0 0 0 0 0 0 0 0 0 0 0 1 -1 1 -1 1 0 0 -1 1 -1 1 -1 1 -1 0 0 -1 0 0 0 0 0 0 0 0 0 0 1 1 -1 0 0 0 0 0 0 0 0 0 0 0 0 0 0 0 0 0 0 0 0 0 0 0 0 0 0 0 0
  0 0 0 0 0 0 0 0 0 0 0)1(NIL "small-conv-0.5-0" 2 1 250 "small-conv-1-0" 2 1 250)
#(0 0 0 0 0 0 0 0 0 0 0 0 1 -1 1 0 0 0 0 0 0 0 0 0 0 -1 0 0 0 0 0 0 0 0 0 0 0 0 0 1 1 -1 0 0 0 0 0 0 0 0 0 0 0 0 0 0 0 0 0 0 0 0 0 0 0 0 0 0 0 0 0 0 0
  0 0 0 0 0 0 0 0)1(NIL "small-conv-0.5-0" 2 1 250 "small-conv-1-0" 2 1 250)
#(0 0 1 0 1 0 1 0 1 -1 1 0 1 0 1 0 1 -1 0 -1 1 -1 1 -1 1 -1 0 0 -1 1 0 1 0 0 0 0 0 0 0 1 1 -1 0 0 0 0 0 0 0 0 0 0 0 0 0 0 0 0 0 0 0 0 0 0 0 0 0 0 0 0
  0 0 0 0 0 0 0 0 0 0 0)1(NIL "small-conv-0.5-0" 2 1 250 "small-conv-1-0" 2 1 250)
#(0 0 1 0 1 0 1 0 1 -1 1 0 1 0 1 0 1 -1 1 1 1 -1 1 -1 1 -1 -1 1 0 1 0 1 -1 1 -1 -1 1 1 0 1 1 -1 -1 0 -1 1 -1 1 -1 1 -1 0 -1 1 -1 -1 1 -1 1 0 -1 1 0 -1
  1 1 -1 0 0 0 0 0 0 0 0 0 0 0 0 0 0)1(NIL "small-conv-0.5-0" 2 1 250 "small-conv-1-0" 2 1 250)
#(0 0 0 0 0 0 0 0 0 0 0 0 1 -1 1 0 0 0 0 0 0 0 0 0 0 -1 0 0 0 0 0 0 0 0 0 0 0 0 0 1 1 -1 0 0 0 0 0 0 0 0 0 0 0 0 0 0 0 0 0 0 0 0 0 0 0 0 0 0 0 0 0 0 0
  0 0 0 0 0 0 0 0)1(NIL "small-conv-0.5-0" 2 1 250 "small-conv-1-0" 2 1 250)
#(0 0 0 0 0 0 0 0 0 0 0 0 1 -1 1 -1 0 0 0 0 0 0 0 0 0 -1 0 0 0 0 0 0 0 0 0 0 0 0 0 1 1 -1 0 0 0 0 0 0 0 0 0 0 0 0 0 0 0 0 0 0 0 0 0 0 0 0 0 0 0 0 0 0
  0 0 0 0 0 0 0 0 0)1(NIL "small-conv-0.5-0" 2 1 250 "small-conv-1-0" 2 1 250)
#(0 0 1 0 1 0 1 0 1 -1 1 0 1 0 1 0 1 -1 1 1 1 -1 1 -1 1 -1 -1 1 0 1 0 1 -1 1 -1 -1 1 1 0 1 1 -1 -1 0 -1 1 -1 1 -1 1 -1 1 -1 1 -1 -1 1 -1 1 0 0 1 0 0 0
  0 0 0 0 0 0 0 0 0 0 0 0 0 0 0 0)1(NIL "small-conv-0.5-0" 2 1 250 "small-conv-1-0" 2 1 250)
#(0 -1 1 0 1 0 1 0 1 -1 1 0 1 0 1 0 1 -1 1 -1 1 -1 1 -1 1 -1 -1 0 -1 1 0 1 -1 1 -1 0 -1 0 -1 1 1 -1 1 -1 -1 0 -1 1 0 1 0 0 1 -1 -1 0 1 1 -1 -1 1 0 1 1
  -1 -1 1 0 -1 0 1 0 0 0 -1 0 0 0 0 0 0)1(NIL "small-conn-0.5-0" 2 1 250 "small-conn-1-0" 2 1 250)
#(0 0 1 0 1 0 1 0 1 -1 1 0 1 0 1 0 1 -1 1 -1 1 -1 1 -1 1 -1 -1 1 -1 1 0 1 -1 1 0 0 0 0 0 1 1 -1 0 0 0 0 0 0 0 0 0 0 0 0 0 0 0 0 0 0 0 0 0 0 0 0 0 0 0
  0 0 0 0 0 0 0 0 0 0 0 0)1(NIL "small-conn-0.5-0" 2 1 250 "small-conn-1-0" 2 1 250)
#(0 -1 1 0 1 0 1 0 1 -1 1 0 1 0 1 0 1 -1 1 -1 1 -1 1 -1 1 -1 -1 0 -1 1 0 1 -1 1 -1 0 -1 0 -1 1 1 -1 1 -1 -1 0 -1 1 0 1 0 0 1 -1 -1 0 1 1 -1 -1 1 0 1 1
  -1 -1 1 0 0 0 0 0 0 0 0 0 0 0 0 0 0)1(NIL "small-conn-0.5-0" 2 1 250 "small-conn-1-0" 2 1 250)
#(0 0 1 0 1 0 1 0 1 -1 1 0 1 0 1 0 1 -1 1 -1 1 -1 1 -1 1 -1 -1 0 -1 1 0 1 -1 1 -1 1 -1 1 -1 1 1 -1 1 -1 0 0 0 0 0 0 0 0 0 0 0 0 0 0 0 0 0 0 0 0 0 0 0
  0 0 0 0 0 0 0 0 0 0 0 0 0 0)1(NIL "small-conn-0.5-0" 2 1 250 "small-conn-1-0" 2 1 250)
#(0 1 1 0 1 0 1 0 1 -1 1 0 1 0 1 0 1 0 0 -1 1 -1 1 -1 1 0 1 1 -1 1 0 1 -1 1 -1 1 -1 -1 1 1 1 -1 -1 1 1 1 1 -1 -1 -1 -1 -1 1 0 1 1 1 -1 -1 -1 1 0 1 0
  -1 -1 1 -1 1 -1 0 1 1 1 -1 0 -1 0 1 0 -1)-1(NIL "small-conv-0.5-0" 2 1 250 "small-conv-1-0" 2 1 250)
#(0 0 1 0 1 0 1 0 1 -1 1 0 1 0 1 0 1 0 0 -1 1 -1 1 -1 1 0 1 1 -1 1 0 1 -1 1 -1 1 -1 -1 1 1 1 -1 -1 1 1 0 0 0 0 0 0 0 0 0 0 0 0 0 0 0 0 0 0 0 0 0 0 0 0
  0 0 0 0 0 0 0 0 0 0 0 0)-1(NIL "small-conv-0.5-0" 2 1 250 "small-conv-1-0" 2 1 250)
#(0 0 1 0 1 0 1 0 0 0 0 0 1 0 1 0 1 0 0 -1 1 -1 1 -1 1 -1 0 0 -1 1 0 1 0 0 0 0 0 0 0 1 1 -1 0 0 0 0 0 0 0 0 0 0 0 0 0 0 0 0 0 0 0 0 0 0 0 0 0 0 0 0 0
  0 0 0 0 0 0 0 0 0 0)-1(NIL "small-conv-0.5-0" 2 1 250 "small-conv-1-0" 2 1 250)
#(0 0 1 0 1 0 1 0 1 -1 1 0 1 0 1 0 1 0 0 -1 1 -1 1 -1 1 0 1 1 -1 1 0 1 -1 1 -1 1 -1 -1 1 1 1 -1 -1 1 1 1 1 -1 -1 -1 -1 -1 1 0 1 0 0 0 0 0 0 0 0 0 0 0
  0 0 0 0 0 0 0 0 0 0 0 0 0 0 0)-1(NIL "small-conv-0.5-0" 2 1 250 "small-conv-1-0" 2 1 250)
#(1 0 1 0 1 0 1 0 1 -1 1 0 1 0 1 0 1 0 0 -1 1 -1 1 0 1 -1 1 -1 -1 1 0 1 1 1 0 1 0 -1 -1 1 1 0 1 1 1 -1 1 -1 1 0 1 0 1 0 -1 1 1 0 1 -1 1 -1 1 -1 0 -1 1
  0 -1 1 0 1 -1 0 0 1 0 -1 0 0 0)1(NIL "small-conv-0.5-0" 2 1 250 "small-conv-1-0" 2 1 250)
#(0 0 1 0 1 0 1 0 1 -1 1 0 1 0 1 0 1 -1 1 -1 1 -1 1 -1 1 -1 -1 1 -1 1 0 1 -1 1 -1 1 0 -1 0 1 1 -1 0 0 0 0 0 0 0 0 0 0 0 0 0 0 0 0 0 0 0 0 0 0 0 0 0 0
  0 0 0 0 0 0 0 0 0 0 0 0 0)1(NIL "small-conv-0.5-0" 2 1 250 "small-conv-1-0" 2 1 250)
#(0 0 0 0 0 0 0 0 0 0 0 0 1 -1 1 -1 1 0 0 -1 1 0 0 0 0 -1 0 0 0 0 0 0 0 0 0 0 0 0 0 1 1 -1 0 0 0 0 0 0 0 0 0 0 0 0 0 0 0 0 0 0 0 0 0 0 0 0 0 0 0 0 0 0
  0 0 0 0 0 0 0 0 0)1(NIL "small-conv-0.5-0" 2 1 250 "small-conv-1-0" 2 1 250)
#(0 0 1 0 1 0 1 0 1 -1 1 0 1 0 1 0 1 -1 0 -1 1 -1 1 0 1 -1 -1 -1 -1 1 0 1 0 1 -1 1 0 -1 -1 1 1 0 1 -1 1 -1 1 -1 1 -1 1 0 0 0 0 0 0 0 0 0 0 0 0 0 0 0 0
  0 0 0 0 0 0 0 0 0 0 0 0 0 0)1(NIL "small-conv-0.5-0" 2 1 250 "small-conv-1-0" 2 1 250)
#(0 0 0 0 0 0 0 0 0 0 0 0 1 -1 1 -1 0 0 0 0 0 0 0 0 0 -1 0 0 0 0 0 0 0 0 0 0 0 0 0 1 1 -1 0 0 0 0 0 0 0 0 0 0 0 0 0 0 0 0 0 0 0 0 0 0 0 0 0 0 0 0 0 0
  0 0 0 0 0 0 0 0 0)-1(NIL "small-conn-0.5-0" 2 1 250 "small-conn-1-0" 2 1 250)
#(0 0 0 0 0 0 0 0 0 0 0 0 1 -1 0 0 0 0 0 0 0 0 0 0 0 -1 0 0 0 0 0 0 0 0 0 0 0 0 0 1 1 -1 0 0 0 0 0 0 0 0 0 0 0 0 0 0 0 0 0 0 0 0 0 0 0 0 0 0 0 0 0 0 0
  0 0 0 0 0 0 0 0)-1(NIL "small-conn-0.5-0" 2 1 250 "small-conn-1-0" 2 1 250)
#(0 0 1 0 1 0 1 0 1 -1 1 0 1 0 1 0 1 -1 1 -1 1 -1 1 -1 1 -1 -1 0 -1 1 0 1 -1 1 -1 0 -1 1 1 1 1 -1 -1 -1 -1 1 -1 1 0 1 -1 1 -1 -1 1 -1 0 1 0 0 0 0 0 0
  0 0 0 0 0 0 0 0 0 0 0 0 0 0 0 0 0)-1(NIL "small-conn-0.5-0" 2 1 250 "small-conn-1-0" 2 1 250)
#(0 0 0 0 0 0 0 0 0 0 0 0 1 -1 1 -1 1 0 0 -1 1 -1 0 0 0 -1 0 0 0 0 0 0 0 0 0 0 0 0 0 1 1 -1 0 0 0 0 0 0 0 0 0 0 0 0 0 0 0 0 0 0 0 0 0 0 0 0 0 0 0 0 0
  0 0 0 0 0 0 0 0 0 0)-1(NIL "small-conn-0.5-0" 2 1 250 "small-conn-1-0" 2 1 250)
#(0 0 0 0 0 0 0 0 0 0 0 0 0 0 0 0 0 0 0 0 0 0 0 0 0 0 0 0 0 0 0 0 0 0 0 0 0 0 0 1 0 -1 0 0 0 0 0 0 0 0 0 0 0 0 0 0 0 0 0 0 0 0 0 0 0 0 0 0 0 0 0 0 0 0
  0 0 0 0 0 0 0)1(NIL "small-conn-0.5-0" 2 1 250 "small-conn-1-0" 2 1 250)
#(0 0 1 0 1 0 1 0 1 -1 1 0 1 0 1 0 1 -1 1 -1 1 -1 1 -1 1 -1 -1 0 -1 1 0 1 -1 1 -1 1 -1 -1 1 1 1 -1 -1 -1 1 1 1 -1 -1 1 -1 -1 1 1 1 -1 0 0 0 0 0 0 0 0
  0 0 0 0 0 0 0 0 0 0 0 0 0 0 0 0 0)-1(NIL "small-conv-0.5-0" 2 1 250 "small-conv-1-0" 2 1 250)
#(0 0 0 0 0 0 0 0 0 0 0 0 1 -1 1 -1 0 0 0 0 0 0 0 0 0 -1 0 0 0 0 0 0 0 0 0 0 0 0 0 1 1 -1 0 0 0 0 0 0 0 0 0 0 0 0 0 0 0 0 0 0 0 0 0 0 0 0 0 0 0 0 0 0
  0 0 0 0 0 0 0 0 0)1(NIL "small-conv-0.5-0" 2 1 250 "small-conv-1-0" 2 1 250)
#(-1 0 1 0 1 0 1 0 1 -1 1 0 1 0 1 0 1 -1 1 -1 1 -1 1 -1 1 1 0 0 -1 1 0 1 -1 1 0 1 -1 1 0 1 1 -1 -1 1 0 -1 1 1 0 1 -1 1 1 1 -1 1 1 1 -1 -1 -1 -1 1 -1
  -1 1 1 1 0 -1 0 -1 -1 1 0 1 1 0 -1 0 0)1(NIL "small-conn-0.5-0" 2 1 250 "small-conn-1-0" 2 1 250)
#(0 0 1 0 1 0 1 0 1 -1 1 0 1 0 1 0 1 0 0 -1 1 -1 1 -1 1 -1 0 0 -1 1 0 1 0 0 0 0 0 0 0 1 1 -1 0 0 0 0 0 0 0 0 0 0 0 0 0 0 0 0 0 0 0 0 0 0 0 0 0 0 0 0 0
  0 0 0 0 0 0 0 0 0 0)-1(NIL "small-conv-0.5-0" 2 1 250 "small-conv-1-0" 2 1 250)
#(0 0 1 0 1 0 1 0 1 -1 1 0 1 0 1 0 1 -1 1 -1 1 -1 1 -1 1 -1 -1 0 -1 1 0 1 -1 1 -1 1 -1 -1 -1 1 1 -1 1 0 0 0 0 0 0 0 0 0 0 0 0 0 0 0 0 0 0 0 0 0 0 0 0
  0 0 0 0 0 0 0 0 0 0 0 0 0 0)1(NIL "small-conv-0.5-0" 2 1 250 "small-conv-1-0" 2 1 250)
#(0 0 1 0 1 0 1 0 1 -1 1 0 1 0 1 0 1 -1 1 -1 1 -1 1 -1 1 1 0 0 -1 1 0 1 -1 1 0 1 -1 1 0 1 1 -1 -1 1 0 -1 1 1 0 1 -1 1 1 0 -1 1 1 1 -1 -1 -1 -1 1 0 -1
  1 0 0 0 0 0 0 0 0 0 0 0 0 0 0 0)1(NIL "small-conn-0.5-0" 2 1 250 "small-conn-1-0" 2 1 250)
#(0 0 1 0 1 0 1 0 1 -1 1 0 1 0 1 0 1 -1 1 -1 1 -1 1 -1 1 -1 -1 0 -1 1 0 1 -1 1 -1 1 -1 -1 1 1 1 -1 -1 -1 1 1 1 -1 -1 1 -1 -1 1 1 1 -1 0 -1 1 0 -1 1 0
  0 0 0 0 0 0 0 0 0 0 0 0 0 0 0 0 0 0)-1(NIL "small-conv-0.5-0" 2 1 250 "small-conv-1-0" 2 1 250)
#(0 0 1 0 1 0 1 0 1 -1 1 0 1 0 1 0 1 -1 1 -1 1 -1 1 -1 1 -1 -1 1 -1 1 0 1 0 0 0 0 0 0 0 1 1 -1 0 0 0 0 0 0 0 0 0 0 0 0 0 0 0 0 0 0 0 0 0 0 0 0 0 0 0 0
  0 0 0 0 0 0 0 0 0 0 0)1(NIL "small-conv-0.5-0" 2 1 250 "small-conv-1-0" 2 1 250)
#(0 0 0 0 0 0 0 0 0 0 0 0 1 -1 1 -1 1 0 0 -1 0 0 0 0 0 -1 0 0 0 0 0 0 0 0 0 0 0 0 0 1 1 -1 0 0 0 0 0 0 0 0 0 0 0 0 0 0 0 0 0 0 0 0 0 0 0 0 0 0 0 0 0 0
  0 0 0 0 0 0 0 0 0)1(NIL "small-conn-0.5-0" 2 1 250 "small-conn-1-0" 2 1 250)
#(0 0 1 0 1 0 1 0 1 -1 1 0 1 0 1 0 1 -1 1 -1 1 -1 1 -1 1 -1 -1 0 -1 1 0 1 -1 1 -1 1 -1 -1 1 1 1 -1 -1 -1 0 1 0 0 0 0 0 0 0 0 0 0 0 0 0 0 0 0 0 0 0 0 0
  0 0 0 0 0 0 0 0 0 0 0 0 0 0)-1(NIL "small-conv-0.5-0" 2 1 250 "small-conv-1-0" 2 1 250)
#(0 0 0 0 0 0 0 0 0 0 0 0 0 0 0 0 0 0 0 0 0 0 0 0 0 0 0 0 0 0 0 0 0 0 0 0 0 0 0 1 0 -1 0 0 0 0 0 0 0 0 0 0 0 0 0 0 0 0 0 0 0 0 0 0 0 0 0 0 0 0 0 0 0 0
  0 0 0 0 0 0 0)1(NIL "small-conv-0.5-0" 2 1 250 "small-conv-1-0" 2 1 250)
#(0 0 1 0 1 0 1 0 1 -1 1 0 1 0 1 0 1 -1 1 -1 1 -1 1 -1 1 -1 -1 0 -1 1 0 1 -1 1 -1 0 -1 1 1 1 1 -1 -1 -1 -1 0 -1 1 0 1 -1 1 1 -1 -1 0 0 1 -1 0 0 0 0 0
  0 0 0 0 0 0 0 0 0 0 0 0 0 0 0 0 0)1(NIL "small-conn-0.5-0" 2 1 250 "small-conn-1-0" 2 1 250)
#(0 0 1 0 1 0 1 0 1 -1 1 0 1 0 1 0 1 -1 1 -1 1 -1 1 -1 1 -1 -1 0 -1 1 0 1 -1 1 -1 0 -1 1 1 1 1 -1 -1 -1 -1 1 0 0 0 0 0 0 0 0 0 0 0 0 0 0 0 0 0 0 0 0 0
  0 0 0 0 0 0 0 0 0 0 0 0 0 0)1(NIL "small-conn-0.5-0" 2 1 250 "small-conn-1-0" 2 1 250)
#(0 0 1 0 1 0 1 0 1 0 0 0 1 0 1 0 1 0 0 -1 1 -1 1 -1 1 -1 0 0 -1 1 0 1 0 0 0 0 0 0 0 1 1 -1 0 0 0 0 0 0 0 0 0 0 0 0 0 0 0 0 0 0 0 0 0 0 0 0 0 0 0 0 0
  0 0 0 0 0 0 0 0 0 0)1(NIL "small-conn-0.5-0" 2 1 250 "small-conn-1-0" 2 1 250)
#(0 0 1 0 1 0 1 0 1 -1 1 0 1 0 1 0 1 -1 1 -1 1 -1 1 -1 1 -1 0 0 -1 1 0 1 0 0 0 0 0 0 0 1 1 -1 0 0 0 0 0 0 0 0 0 0 0 0 0 0 0 0 0 0 0 0 0 0 0 0 0 0 0 0
  0 0 0 0 0 0 0 0 0 0 0)1(NIL "small-conn-0.5-0" 2 1 250 "small-conn-1-0" 2 1 250)
#(0 -1 1 0 1 0 1 0 -1 0 1 0 1 0 1 0 1 -1 1 -1 1 -1 1 0 1 -1 -1 1 0 1 0 1 1 1 -1 0 0 1 1 1 1 -1 0 1 -1 1 0 1 -1 -1 1 1 1 -1 0 1 0 0 0 0 0 0 0 0 0 0 0 0
  0 0 0 0 0 0 0 0 0 0 0 0 0)1(NIL "small-conn-0.5-0" 2 1 250 "small-conn-1-0" 2 1 250)
#(0 -1 1 0 1 0 1 0 -1 0 1 0 1 0 1 0 1 -1 1 -1 1 -1 1 -1 1 -1 -1 1 -1 1 0 1 -1 1 -1 0 0 0 0 1 1 -1 0 0 0 0 0 0 0 0 0 0 0 0 0 0 0 0 0 0 0 0 0 0 0 0 0 0
  0 0 0 0 0 0 0 0 0 0 0 0 0)1(NIL "small-conn-0.5-0" 2 1 250 "small-conn-1-0" 2 1 250)
#(0 -1 1 0 1 0 1 0 -1 0 1 0 1 0 1 0 1 -1 1 -1 1 -1 1 -1 1 -1 -1 1 0 1 0 1 -1 1 -1 1 -1 1 0 1 1 -1 0 0 0 0 0 0 0 0 0 0 0 0 0 0 0 0 0 0 0 0 0 0 0 0 0 0
  0 0 0 0 0 0 0 0 0 0 0 0 0)1(NIL "small-conn-0.5-0" 2 1 250 "small-conn-1-0" 2 1 250)
#(0 -1 1 0 1 0 1 0 -1 0 1 0 1 0 1 0 1 -1 1 0 1 -1 1 -1 1 -1 -1 1 0 1 0 1 -1 1 -1 1 -1 1 0 1 1 -1 0 0 0 0 0 0 0 0 0 0 0 0 0 0 0 0 0 0 0 0 0 0 0 0 0 0 0
  0 0 0 0 0 0 0 0 0 0 0 0)1(NIL "small-conn-0.5-0" 2 1 250 "small-conn-1-0" 2 1 250)
#(0 0 1 0 1 0 1 0 1 -1 1 0 1 0 1 0 1 -1 1 -1 1 -1 1 -1 1 1 0 0 -1 1 0 1 -1 1 0 1 -1 0 -1 1 1 -1 -1 1 0 0 -1 1 1 -1 -1 -1 1 1 -1 1 0 -1 -1 1 -1 1 0 1
  -1 1 -1 0 0 0 0 0 0 0 0 0 0 0 0 0 0)1(NIL "small-conn-0.5-0" 2 1 250 "small-conn-1-0" 2 1 250)
#(0 0 1 0 1 0 1 0 1 0 0 0 1 0 1 0 1 0 0 -1 1 -1 1 -1 1 -1 0 0 -1 1 0 1 0 0 0 0 0 0 0 1 1 -1 0 0 0 0 0 0 0 0 0 0 0 0 0 0 0 0 0 0 0 0 0 0 0 0 0 0 0 0 0
  0 0 0 0 0 0 0 0 0 0)1(NIL "small-conn-0.5-0" 2 1 250 "small-conn-1-0" 2 1 250)
#(0 0 1 0 1 0 1 0 1 -1 1 0 1 0 1 0 1 -1 1 -1 1 -1 1 -1 1 1 0 0 -1 1 0 1 -1 1 0 1 -1 0 -1 1 1 -1 -1 1 0 0 -1 1 1 -1 -1 -1 1 1 -1 1 0 -1 -1 0 -1 1 0 1 0
  1 -1 0 -1 1 -1 1 0 1 0 0 0 0 0 0 0)1(NIL "small-conn-0.5-0" 2 1 250 "small-conn-1-0" 2 1 250)
#(0 0 1 0 1 0 1 0 1 -1 1 0 1 0 1 0 1 -1 1 -1 1 -1 1 -1 1 1 0 0 -1 1 0 1 -1 1 0 1 -1 0 -1 1 1 -1 -1 1 0 0 -1 1 1 -1 -1 -1 1 1 -1 1 0 -1 -1 0 -1 1 0 1 0
  1 -1 0 -1 1 -1 0 0 1 0 0 0 0 0 0 0)1(NIL "small-conn-0.5-0" 2 1 250 "small-conn-1-0" 2 1 250)
#(0 0 1 0 1 0 1 0 1 -1 1 0 1 0 1 0 1 -1 1 -1 1 -1 1 -1 1 1 0 0 -1 1 0 1 -1 1 0 1 -1 0 -1 1 1 -1 -1 1 -1 1 -1 0 0 0 0 0 0 0 0 0 0 0 0 0 0 0 0 0 0 0 0 0
  0 0 0 0 0 0 0 0 0 0 0 0 0)1(NIL "small-conn-0.5-0" 2 1 250 "small-conn-1-0" 2 1 250)
#(0 0 1 0 1 0 1 0 1 -1 1 0 1 0 1 0 1 -1 1 -1 1 -1 1 -1 1 -1 -1 1 -1 1 0 1 -1 1 -1 1 0 0 0 1 1 -1 0 0 0 0 0 0 0 0 0 0 0 0 0 0 0 0 0 0 0 0 0 0 0 0 0 0 0
  0 0 0 0 0 0 0 0 0 0 0 0)1(NIL "small-conn-0.5-0" 2 1 250 "small-conn-1-0" 2 1 250)
#(0 1 1 0 1 0 1 0 1 -1 1 0 1 0 1 0 1 -1 1 -1 1 -1 1 -1 1 1 0 0 -1 1 0 1 -1 1 0 1 -1 0 -1 1 1 -1 -1 1 -1 0 -1 1 0 1 1 -1 1 -1 -1 -1 1 1 1 0 -1 1 -1 0
  -1 -1 -1 1 1 1 1 -1 -1 0 0 0 -1 0 0 -1 0)1(NIL "small-conn-0.5-0" 2 1 250 "small-conn-1-0" 2 1 250)
#(0 0 1 0 1 0 1 0 1 -1 1 0 1 0 1 0 1 -1 1 -1 1 -1 1 -1 1 1 0 0 -1 1 0 1 0 1 0 1 -1 -1 -1 1 1 -1 1 1 0 0 -1 0 -1 1 1 1 -1 1 -1 1 -1 1 0 1 -1 0 1 -1 0 0
  0 0 0 0 0 0 0 0 0 0 0 0 0 0 0)1(NIL "small-conv-0.5-0" 2 1 250 "small-conv-1-0" 2 1 250)
#(0 0 1 0 1 0 1 0 1 -1 1 0 1 0 1 0 1 -1 1 -1 1 -1 1 -1 1 1 0 0 -1 1 0 1 -1 1 0 1 -1 0 -1 1 1 -1 -1 1 -1 0 -1 1 0 1 1 -1 1 -1 -1 -1 1 1 0 0 -1 0 0 0 0
  0 0 0 0 0 0 0 0 0 0 0 0 0 0 0 0)1(NIL "small-conn-0.5-0" 2 1 250 "small-conn-1-0" 2 1 250)
#(0 0 1 0 1 0 1 0 1 -1 1 0 1 0 1 0 1 -1 1 -1 1 -1 1 -1 1 1 0 0 -1 1 0 1 0 1 0 1 -1 -1 -1 1 1 -1 1 1 0 0 -1 0 -1 1 1 1 -1 1 -1 1 -1 1 0 1 -1 0 1 -1 1
  -1 -1 1 0 1 -1 -1 1 0 0 -1 0 1 0 0 0)1(NIL "small-conv-0.5-0" 2 1 250 "small-conv-1-0" 2 1 250)
#(0 0 0 0 0 0 0 0 0 0 0 0 0 0 0 0 0 0 0 0 0 0 0 0 0 0 0 0 0 0 0 0 0 0 0 0 0 0 0 1 1 -1 0 0 0 0 0 0 0 0 0 0 0 0 0 0 0 0 0 0 0 0 0 0 0 0 0 0 0 0 0 0 0 0
  0 0 0 0 0 0 0)1(NIL "small-conv-0.5-0" 2 1 250 "small-conv-1-0" 2 1 250)
#(0 0 1 0 1 0 1 0 1 -1 1 0 1 0 1 0 1 -1 1 -1 1 -1 1 -1 1 1 0 0 -1 1 0 1 0 1 0 1 -1 -1 -1 1 1 0 1 1 0 0 -1 0 -1 1 1 1 -1 1 -1 1 -1 1 0 1 -1 0 0 0 0 0 0
  0 0 0 0 0 0 0 0 0 0 0 0 0 0)1(NIL "small-conv-0.5-0" 2 1 250 "small-conv-1-0" 2 1 250)
#(0 0 1 0 1 0 1 0 1 -1 1 0 1 0 1 0 1 -1 1 -1 1 -1 1 -1 1 -1 -1 1 -1 1 0 1 -1 1 -1 0 1 0 0 1 1 -1 0 0 0 0 0 0 0 0 0 0 0 0 0 0 0 0 0 0 0 0 0 0 0 0 0 0 0
  0 0 0 0 0 0 0 0 0 0 0 0)1(NIL "small-conv-0.5-0" 2 1 250 "small-conv-1-0" 2 1 250)
#(0 0 1 0 1 0 1 0 1 -1 1 0 1 0 1 0 1 -1 0 -1 1 -1 1 -1 1 -1 -1 -1 -1 1 0 1 -1 1 -1 1 0 -1 -1 1 1 -1 1 -1 1 -1 0 0 0 0 0 0 0 0 0 0 0 0 0 0 0 0 0 0 0 0
  0 0 0 0 0 0 0 0 0 0 0 0 0 0 0)1(NIL "small-conv-0.5-0" 2 1 250 "small-conv-1-0" 2 1 250)
#(0 0 1 0 1 0 1 0 1 -1 0 0 1 0 1 0 1 0 0 -1 1 -1 1 -1 1 -1 0 0 -1 1 0 1 0 0 0 0 0 0 0 1 1 -1 0 0 0 0 0 0 0 0 0 0 0 0 0 0 0 0 0 0 0 0 0 0 0 0 0 0 0 0 0
  0 0 0 0 0 0 0 0 0 0)1(NIL "small-conv-0.5-0" 2 1 250 "small-conv-1-0" 2 1 250)
#(0 0 1 0 1 0 1 0 1 -1 1 0 1 0 1 0 1 -1 1 -1 1 -1 1 -1 1 -1 -1 0 -1 1 0 1 -1 1 -1 0 -1 1 1 1 1 -1 -1 -1 -1 -1 -1 1 0 1 -1 -1 -1 0 1 1 0 1 -1 1 -1 1 -1
  1 -1 1 -1 0 0 -1 1 1 -1 0 0 1 0 0 0 -1 0)1(NIL "small-conn-0.5-0" 2 1 250 "small-conn-1-0" 2 1 250)
#(0 0 0 0 0 0 0 0 0 0 0 0 1 -1 1 -1 1 0 0 -1 1 -1 0 0 0 -1 0 0 0 0 0 0 0 0 0 0 0 0 0 1 1 -1 0 0 0 0 0 0 0 0 0 0 0 0 0 0 0 0 0 0 0 0 0 0 0 0 0 0 0 0 0
  0 0 0 0 0 0 0 0 0 0)1(NIL "small-conv-0.5-0" 2 1 250 "small-conv-1-0" 2 1 250)
#(0 0 1 0 1 0 1 0 1 -1 1 0 1 0 1 0 1 -1 1 -1 1 -1 1 -1 1 -1 -1 0 -1 1 0 1 -1 1 -1 1 -1 1 1 1 1 -1 -1 -1 1 -1 -1 1 0 1 -1 -1 0 1 1 1 -1 1 -1 1 -1 0 0 0
  0 0 0 0 0 0 0 0 0 0 0 0 0 0 0 0 0)1(NIL "small-conn-0.5-0" 2 1 250 "small-conn-1-0" 2 1 250)
#(0 0 1 0 1 0 1 0 1 -1 1 0 1 0 1 0 1 -1 1 -1 1 -1 1 -1 1 -1 0 0 -1 1 0 1 0 0 0 0 0 0 0 1 1 -1 0 0 0 0 0 0 0 0 0 0 0 0 0 0 0 0 0 0 0 0 0 0 0 0 0 0 0 0
  0 0 0 0 0 0 0 0 0 0 0)1(NIL "small-conn-0.5-0" 2 1 250 "small-conn-1-0" 2 1 250)
#(0 0 1 0 1 0 1 0 1 -1 1 0 1 0 1 0 1 -1 1 -1 1 -1 1 -1 1 -1 -1 0 -1 1 0 1 -1 1 -1 0 -1 1 1 1 1 -1 -1 -1 0 -1 -1 1 0 1 -1 -1 -1 1 1 1 -1 1 -1 1 -1 1 -1
  0 0 0 0 0 0 0 0 0 0 0 0 0 0 0 0 0 0)1(NIL "small-conn-0.5-0" 2 1 250 "small-conn-1-0" 2 1 250)
#(0 0 1 -1 0 0 0 0 0 0 0 0 1 -1 1 -1 1 0 0 -1 1 -1 1 -1 1 -1 0 0 -1 1 0 1 0 0 0 0 0 0 0 1 1 -1 0 0 0 0 0 0 0 0 0 0 0 0 0 0 0 0 0 0 0 0 0 0 0 0 0 0 0 0
  0 0 0 0 0 0 0 0 0 0 0)1(NIL "small-conn-0.5-0" 2 1 250 "small-conn-1-0" 2 1 250)
#(-1 0 1 0 1 0 1 0 1 -1 1 0 1 0 1 0 1 -1 1 -1 1 -1 1 -1 1 1 0 0 -1 1 0 1 -1 1 0 1 -1 0 -1 1 1 -1 -1 1 0 0 -1 1 0 1 -1 1 1 1 -1 1 0 1 -1 0 -1 1 1 -1 1
  0 1 -1 -1 -1 1 0 0 0 1 1 0 -1 0 -1 1)1(NIL "small-conn-0.5-0" 2 1 250 "small-conn-1-0" 2 1 250)
#(0 0 0 0 0 0 0 0 0 0 0 0 1 -1 1 -1 1 0 0 0 0 0 0 0 0 -1 0 0 0 0 0 0 0 0 0 0 0 0 0 1 1 -1 0 0 0 0 0 0 0 0 0 0 0 0 0 0 0 0 0 0 0 0 0 0 0 0 0 0 0 0 0 0
  0 0 0 0 0 0 0 0 0)1(NIL "small-conn-0.5-0" 2 1 250 "small-conn-1-0" 2 1 250)
#(0 0 1 0 1 0 1 0 1 -1 1 0 1 0 1 0 1 -1 1 -1 1 -1 1 -1 1 1 0 0 -1 1 0 1 -1 1 0 1 -1 0 -1 1 1 -1 -1 1 -1 1 -1 1 -1 1 -1 1 1 -1 0 0 0 0 0 0 0 0 0 0 0 0
  0 0 0 0 0 0 0 0 0 0 0 0 0 0 0)1(NIL "small-conn-0.5-0" 2 1 250 "small-conn-1-0" 2 1 250)
#(0 0 1 0 1 0 1 0 1 -1 1 0 1 0 1 0 1 0 0 -1 1 -1 1 -1 1 -1 1 1 -1 1 0 1 -1 1 0 1 0 -1 -1 1 1 0 1 -1 1 -1 -1 -1 -1 1 1 1 -1 1 -1 1 1 0 1 1 0 1 0 -1 -1
  1 1 -1 1 0 0 0 0 0 0 0 0 0 0 0 0)1(NIL "small-conv-0.5-0" 2 1 250 "small-conv-1-0" 2 1 250)
#(0 0 0 0 0 0 0 0 0 0 0 0 0 0 0 0 0 0 0 0 0 0 0 0 0 0 0 0 0 0 0 0 0 0 0 0 0 0 0 0 0 0 0 0 0 0 0 0 0 0 0 0 0 0 0 0 0 0 0 0 0 0 0 0 0 0 0 0 0 0 0 0 0 0
  0 0 0 0 0 0 0)1(NIL "small-conv-0.5-0" 2 1 250 "small-conv-1-0" 2 1 250)
#(0 0 0 0 0 0 0 0 0 0 0 0 1 -1 1 0 0 0 0 0 0 0 0 0 0 -1 0 0 0 0 0 0 0 0 0 0 0 0 0 1 1 -1 0 0 0 0 0 0 0 0 0 0 0 0 0 0 0 0 0 0 0 0 0 0 0 0 0 0 0 0 0 0 0
  0 0 0 0 0 0 0 0)1(NIL "small-conv-0.5-0" 2 1 250 "small-conv-1-0" 2 1 250)
#(0 0 1 0 1 0 1 0 1 -1 1 0 1 0 1 0 1 0 0 -1 1 -1 1 -1 1 -1 1 1 -1 1 0 1 -1 1 0 1 0 -1 -1 1 1 0 1 -1 1 -1 -1 -1 -1 1 1 1 -1 1 -1 1 1 0 1 1 0 1 0 -1 -1
  1 1 -1 1 -1 0 0 1 0 0 0 0 -1 1 0 0)1(NIL "small-conv-0.5-0" 2 1 250 "small-conv-1-0" 2 1 250)
#(0 0 0 0 0 0 0 0 0 0 0 0 1 -1 0 0 0 0 0 0 0 0 0 0 0 -1 0 0 0 0 0 0 0 0 0 0 0 0 0 1 1 -1 0 0 0 0 0 0 0 0 0 0 0 0 0 0 0 0 0 0 0 0 0 0 0 0 0 0 0 0 0 0 0
  0 0 0 0 0 0 0 0)1(NIL "small-conv-0.5-0" 2 1 250 "small-conv-1-0" 2 1 250)
#(0 0 1 0 1 0 1 0 1 -1 1 0 1 0 1 0 1 -1 1 -1 1 -1 1 -1 1 -1 -1 1 -1 1 0 1 -1 0 0 0 0 0 0 1 1 -1 0 0 0 0 0 0 0 0 0 0 0 0 0 0 0 0 0 0 0 0 0 0 0 0 0 0 0
  0 0 0 0 0 0 0 0 0 0 0 0)1(NIL "small-conv-0.5-0" 2 1 250 "small-conv-1-0" 2 1 250)
#(0 0 1 0 1 0 1 0 1 -1 1 0 1 0 1 0 1 -1 0 -1 1 -1 1 0 1 1 -1 -1 -1 1 0 1 1 1 1 0 0 -1 1 1 1 0 1 0 1 -1 1 -1 1 -1 1 0 1 -1 1 1 -1 -1 0 1 1 -1 -1 0 1 -1
  1 0 1 1 -1 -1 1 0 0 0 1 -1 0 -1 0)1(NIL "small-conv-0.5-0" 2 1 250 "small-conv-1-0" 2 1 250)
#(0 0 0 0 0 0 0 0 0 0 0 0 0 0 0 0 0 0 0 0 0 0 0 0 0 -1 0 0 0 0 0 0 0 0 0 0 0 0 0 1 1 -1 0 0 0 0 0 0 0 0 0 0 0 0 0 0 0 0 0 0 0 0 0 0 0 0 0 0 0 0 0 0 0
  0 0 0 0 0 0 0 0)1(NIL "small-conn-0.5-0" 2 1 250 "small-conn-1-0" 2 1 250)
#(0 0 0 0 0 0 0 0 0 0 0 0 1 -1 1 -1 1 0 0 -1 1 0 1 -1 1 -1 0 0 -1 1 0 1 0 0 0 0 0 0 0 1 1 -1 0 0 0 0 0 0 0 0 0 0 0 0 0 0 0 0 0 0 0 0 0 0 0 0 0 0 0 0 0
  0 0 0 0 0 0 0 0 0 0)1(NIL "small-conv-0.5-0" 2 1 250 "small-conv-1-0" 2 1 250)
#(0 0 1 0 1 0 1 0 1 -1 1 0 1 0 1 0 1 -1 1 -1 1 -1 1 -1 1 -1 -1 1 -1 1 0 1 -1 1 0 0 0 0 0 1 1 -1 0 0 0 0 0 0 0 0 0 0 0 0 0 0 0 0 0 0 0 0 0 0 0 0 0 0 0
  0 0 0 0 0 0 0 0 0 0 0 0)1(NIL "small-conn-0.5-0" 2 1 250 "small-conn-1-0" 2 1 250)
#(0 0 0 0 0 0 0 0 0 0 0 0 0 0 0 0 0 0 0 0 0 0 0 0 0 0 0 0 0 0 0 0 0 0 0 0 0 0 0 1 1 -1 0 0 0 0 0 0 0 0 0 0 0 0 0 0 0 0 0 0 0 0 0 0 0 0 0 0 0 0 0 0 0 0
  0 0 0 0 0 0 0)1(NIL "small-conn-0.5-0" 2 1 250 "small-conn-1-0" 2 1 250)
#(0 0 1 0 1 0 1 0 1 -1 1 0 1 0 1 0 1 -1 1 -1 1 -1 1 -1 1 -1 -1 0 -1 1 0 1 -1 1 -1 1 -1 0 0 1 1 -1 0 0 0 0 0 0 0 0 0 0 0 0 0 0 0 0 0 0 0 0 0 0 0 0 0 0
  0 0 0 0 0 0 0 0 0 0 0 0 0)1(NIL "small-conn-0.5-0" 2 1 250 "small-conn-1-0" 2 1 250)
#(0 0 1 0 1 0 1 0 1 -1 1 0 1 0 1 0 1 -1 1 -1 1 -1 1 -1 1 -1 -1 0 -1 1 0 1 -1 1 -1 1 0 -1 -1 1 1 -1 1 -1 1 -1 -1 0 0 0 0 0 0 0 0 0 0 0 0 0 0 0 0 0 0 0
  0 0 0 0 0 0 0 0 0 0 0 0 0 0 0)-1(NIL "small-conv-0.5-0" 2 1 250 "small-conv-1-0" 2 1 250)
#(0 0 1 0 1 0 1 0 0 0 0 0 1 0 1 0 1 0 0 -1 1 -1 1 -1 1 -1 0 0 -1 1 0 1 0 0 0 0 0 0 0 1 1 -1 0 0 0 0 0 0 0 0 0 0 0 0 0 0 0 0 0 0 0 0 0 0 0 0 0 0 0 0 0
  0 0 0 0 0 0 0 0 0 0)-1(NIL "small-conv-0.5-0" 2 1 250 "small-conv-1-0" 2 1 250)
#(0 0 1 0 1 0 1 0 1 -1 1 0 1 0 1 0 1 0 1 -1 1 -1 1 -1 1 -1 1 1 -1 1 0 1 -1 1 0 1 0 -1 -1 1 1 -1 1 0 1 -1 -1 -1 -1 1 -1 1 0 1 -1 1 1 1 -1 -1 1 0 1 1 -1
  -1 1 0 -1 0 1 0 0 0 0 0 0 0 0 0 0)-1(NIL "small-conv-0.5-0" 2 1 250 "small-conv-1-0" 2 1 250)
#(0 0 0 0 0 0 0 0 0 0 0 0 1 -1 1 -1 1 0 0 -1 1 -1 1 -1 1 -1 0 0 0 0 0 0 0 0 0 0 0 0 0 1 1 -1 0 0 0 0 0 0 0 0 0 0 0 0 0 0 0 0 0 0 0 0 0 0 0 0 0 0 0 0 0
  0 0 0 0 0 0 0 0 0 0)-1(NIL "small-conv-0.5-0" 2 1 250 "small-conv-1-0" 2 1 250)
#(0 0 1 0 1 0 1 0 1 -1 1 0 1 0 1 0 1 0 0 -1 1 -1 1 0 1 0 0 -1 -1 1 0 1 1 1 0 1 0 -1 -1 1 1 0 1 -1 1 -1 1 -1 1 -1 1 0 0 1 1 1 -1 -1 -1 -1 1 1 1 1 1 0 0
  1 -1 1 0 1 0 -1 1 -1 0 0 0 1 0)1(NIL "small-conv-0.5-0" 2 1 250 "small-conv-1-0" 2 1 250)
#(0 0 1 0 1 0 1 0 1 -1 1 0 1 0 1 0 1 -1 0 -1 1 -1 1 0 1 -1 -1 -1 -1 1 0 1 1 1 -1 1 0 -1 -1 1 1 0 1 -1 1 -1 1 -1 1 -1 1 -1 -1 1 1 1 -1 -1 -1 -1 1 -1 1
  0 1 0 0 1 0 0 0 0 0 0 0 0 0 0 0 0 0)1(NIL "small-conv-0.5-0" 2 1 250 "small-conv-1-0" 2 1 250)
#(0 0 1 0 1 0 1 0 1 -1 1 0 1 0 1 0 1 -1 0 -1 1 -1 1 -1 1 -1 -1 -1 -1 1 0 1 -1 1 -1 1 0 -1 -1 1 1 -1 1 -1 1 -1 1 -1 1 0 0 0 0 0 0 0 0 0 0 0 0 0 0 0 0 0
  0 0 0 0 0 0 0 0 0 0 0 0 0 0 0)1(NIL "small-conv-0.5-0" 2 1 250 "small-conv-1-0" 2 1 250)
#(0 0 0 0 0 0 0 0 0 0 0 0 0 0 0 0 0 0 0 0 0 0 0 0 0 0 0 0 0 0 0 0 0 0 0 0 0 0 0 1 0 0 0 0 0 0 0 0 0 0 0 0 0 0 0 0 0 0 0 0 0 0 0 0 0 0 0 0 0 0 0 0 0 0
  0 0 0 0 0 0 0)1(NIL "small-conv-0.5-0" 2 1 250 "small-conv-1-0" 2 1 250)
#(0 0 1 0 1 0 1 0 1 -1 0 0 1 0 1 0 1 0 0 -1 1 -1 1 -1 1 -1 0 0 -1 1 0 1 0 0 0 0 0 0 0 1 -1 1 0 0 0 0 0 0 0 0 0 0 0 0 0 0 0 0 0 0 0 0 0 0 0 0 0 0 0 0 0
  0 0 0 0 0 0 0 0 0 0)1(NIL "small-conv-0.5-0" 2 1 250 "small-conv-1-0" 2 1 250)
#(0 0 1 0 1 0 1 0 1 -1 1 0 1 0 1 0 1 0 1 -1 1 -1 1 -1 1 0 1 1 -1 1 0 1 0 1 1 -1 1 -1 1 1 0 1 0 1 0 1 -1 1 -1 1 0 1 -1 1 1 -1 1 -1 1 1 -1 -1 0 1 0 0 0
  0 0 0 0 0 0 0 0 0 0 0 0 0 0)1(NIL "small-conv-0.5-0" 2 1 250 "small-conv-1-0" 2 1 250)
#(0 0 0 0 0 0 0 0 0 0 0 0 0 0 0 0 0 0 0 0 0 0 0 0 0 0 0 0 0 0 0 0 0 0 0 0 0 0 0 0 0 0 0 0 0 0 0 0 0 0 0 0 0 0 0 0 0 0 0 0 0 0 0 0 0 0 0 0 0 0 0 0 0 0
  0 0 0 0 0 0 0)1(NIL "small-conv-0.5-0" 2 1 250 "small-conv-1-0" 2 1 250)
#(0 0 1 0 1 0 1 0 1 -1 1 0 1 0 1 0 1 -1 1 -1 1 -1 1 -1 1 -1 -1 1 -1 1 0 1 0 1 1 -1 1 -1 1 1 0 1 -1 1 -1 1 -1 1 -1 1 0 0 0 0 0 0 0 0 0 0 0 0 0 0 0 0 0
  0 0 0 0 0 0 0 0 0 0 0 0 0 0)1(NIL "small-conv-0.5-0" 2 1 250 "small-conv-1-0" 2 1 250)
#(0 0 1 0 1 0 1 0 1 -1 1 0 1 0 1 0 1 -1 1 -1 1 -1 1 -1 1 0 0 0 -1 1 0 1 -1 1 0 1 -1 -1 1 1 1 -1 -1 1 0 0 0 0 0 0 0 0 0 0 0 0 0 0 0 0 0 0 0 0 0 0 0 0 0
  0 0 0 0 0 0 0 0 0 0 0 0)1(NIL "small-conn-0.5-0" 2 1 250 "small-conn-1-0" 2 1 250)
#(0 0 0 0 0 0 0 0 0 0 0 0 1 -1 1 -1 1 0 0 -1 1 0 1 -1 1 -1 0 0 -1 1 0 1 0 0 0 0 0 0 0 1 1 -1 0 0 0 0 0 0 0 0 0 0 0 0 0 0 0 0 0 0 0 0 0 0 0 0 0 0 0 0 0
  0 0 0 0 0 0 0 0 0 0)1(NIL "small-conn-0.5-0" 2 1 250 "small-conn-1-0" 2 1 250)
#(0 0 0 0 0 0 0 0 0 0 0 0 1 -1 1 -1 1 0 0 -1 1 -1 0 0 0 -1 0 0 0 0 0 0 0 0 0 0 0 0 0 1 1 -1 0 0 0 0 0 0 0 0 0 0 0 0 0 0 0 0 0 0 0 0 0 0 0 0 0 0 0 0 0
  0 0 0 0 0 0 0 0 0 0)1(NIL "small-conn-0.5-0" 2 1 250 "small-conn-1-0" 2 1 250)
#(0 0 1 0 1 0 1 0 1 -1 1 0 1 0 1 0 1 -1 1 -1 1 -1 1 -1 1 -1 -1 0 -1 1 0 1 -1 1 -1 1 -1 0 0 1 1 -1 0 0 0 0 0 0 0 0 0 0 0 0 0 0 0 0 0 0 0 0 0 0 0 0 0 0
  0 0 0 0 0 0 0 0 0 0 0 0 0)1(NIL "small-conn-0.5-0" 2 1 250 "small-conn-1-0" 2 1 250)
#(0 0 1 0 1 0 1 0 1 -1 1 0 1 0 1 0 1 -1 1 -1 1 -1 1 -1 1 -1 -1 1 -1 1 0 1 0 0 0 0 0 0 0 1 1 -1 0 0 0 0 0 0 0 0 0 0 0 0 0 0 0 0 0 0 0 0 0 0 0 0 0 0 0 0
  0 0 0 0 0 0 0 0 0 0 0)1(NIL "small-conn-0.5-0" 2 1 250 "small-conn-1-0" 2 1 250)
#(0 0 1 0 1 0 1 0 1 -1 1 0 1 0 1 0 1 -1 1 -1 1 -1 1 0 1 1 0 0 -1 1 0 1 0 1 0 1 -1 0 -1 1 1 -1 1 1 0 1 -1 1 1 0 1 0 0 1 1 -1 -1 -1 1 1 0 1 -1 1 -1 0 1
  0 -1 1 0 0 0 0 0 0 0 0 0 0 0)1(NIL "small-conn-0.5-0" 2 1 250 "small-conn-1-0" 2 1 250)
#(0 0 1 0 1 0 1 0 1 -1 1 0 1 0 1 0 1 -1 1 -1 1 -1 1 0 1 1 0 0 -1 1 0 1 0 1 0 1 -1 0 -1 1 1 -1 1 1 0 0 -1 1 1 0 1 -1 0 1 1 -1 -1 -1 1 1 0 1 0 0 -1 1 1
  -1 -1 1 1 1 -1 0 0 0 -1 0 -1 0 0)1(NIL "small-conn-0.5-0" 2 1 250 "small-conn-1-0" 2 1 250)
#(0 0 1 0 1 0 1 0 1 -1 1 0 1 0 1 0 1 -1 1 -1 1 -1 1 0 1 1 0 0 -1 1 0 1 0 1 0 1 -1 0 -1 1 1 -1 1 1 0 0 -1 1 1 0 1 -1 0 1 1 -1 -1 -1 1 1 0 1 0 0 -1 0 1
  -1 -1 1 1 1 -1 0 0 0 -1 1 0 0 0)1(NIL "small-conn-0.5-0" 2 1 250 "small-conn-1-0" 2 1 250)
#(0 0 1 0 1 0 1 0 1 -1 1 0 1 0 1 0 1 -1 1 -1 1 -1 1 -1 1 1 0 0 -1 1 0 1 0 1 0 1 -1 -1 1 1 1 1 0 1 -1 1 -1 1 -1 1 0 -1 1 0 1 1 -1 -1 0 1 1 1 1 -1 1 -1
  0 1 0 -1 0 1 0 1 -1 -1 0 0 0 0 0)1(NIL "small-conn-0.5-0" 2 1 250 "small-conn-1-0" 2 1 250)
#(0 0 1 0 1 0 1 0 1 -1 1 0 1 0 1 0 1 -1 1 -1 1 -1 1 -1 1 1 0 0 -1 1 0 1 0 1 0 1 -1 -1 1 1 1 1 0 1 0 1 -1 1 -1 1 0 -1 1 0 1 1 -1 -1 0 1 1 0 1 0 0 0 0 0
  0 0 0 0 0 0 0 0 0 0 0 0 0)1(NIL "small-conn-0.5-0" 2 1 250 "small-conn-1-0" 2 1 250)
#(0 0 1 0 1 0 1 0 1 -1 1 0 1 0 1 0 1 -1 1 -1 1 -1 1 -1 1 -1 -1 1 -1 1 0 1 -1 0 0 0 0 0 0 1 1 -1 0 0 0 0 0 0 0 0 0 0 0 0 0 0 0 0 0 0 0 0 0 0 0 0 0 0 0
  0 0 0 0 0 0 0 0 0 0 0 0)1(NIL "small-conn-0.5-0" 2 1 250 "small-conn-1-0" 2 1 250)
#(0 0 0 0 0 0 0 0 0 0 0 0 0 0 0 0 0 0 0 0 0 0 0 0 0 0 0 0 0 0 0 0 0 0 0 0 0 0 0 1 0 0 0 0 0 0 0 0 0 0 0 0 0 0 0 0 0 0 0 0 0 0 0 0 0 0 0 0 0 0 0 0 0 0
  0 0 0 0 0 0 0)1(NIL "small-conn-0.5-0" 2 1 250 "small-conn-1-0" 2 1 250)
#(0 0 1 0 1 0 1 0 1 -1 1 0 1 0 1 0 1 -1 1 -1 1 -1 1 -1 1 1 0 0 -1 1 0 1 -1 1 0 1 -1 -1 1 1 1 -1 -1 1 0 0 -1 1 -1 1 -1 -1 1 1 -1 1 0 -1 0 0 0 0 0 0 0 0
  0 0 0 0 0 0 0 0 0 0 0 0 0 0 0)1(NIL "small-conn-0.5-0" 2 1 250 "small-conn-1-0" 2 1 250)
#(0 0 1 0 1 0 1 0 1 -1 1 0 1 0 1 0 1 -1 1 -1 1 -1 1 -1 1 -1 -1 1 -1 1 0 1 -1 0 0 0 0 0 0 1 1 -1 0 0 0 0 0 0 0 0 0 0 0 0 0 0 0 0 0 0 0 0 0 0 0 0 0 0 0
  0 0 0 0 0 0 0 0 0 0 0 0)1(NIL "small-conn-0.5-0" 2 1 250 "small-conn-1-0" 2 1 250)
#(0 0 1 0 1 0 1 0 1 -1 1 0 1 0 1 0 1 -1 1 -1 1 -1 1 0 1 1 0 0 -1 1 0 1 -1 1 0 1 -1 0 -1 1 1 0 0 1 -1 1 -1 1 1 1 -1 1 -1 -1 1 -1 1 1 1 0 1 1 -1 0 1 -1
  -1 1 1 -1 0 0 1 0 0 0 0 0 0 0 0)1(NIL "small-conn-0.5-0" 2 1 250 "small-conn-1-0" 2 1 250)
#(0 0 1 0 1 0 1 0 0 0 0 0 1 0 1 0 1 0 0 -1 1 -1 1 -1 1 -1 0 0 -1 1 0 1 0 0 0 0 0 0 0 1 1 -1 0 0 0 0 0 0 0 0 0 0 0 0 0 0 0 0 0 0 0 0 0 0 0 0 0 0 0 0 0
  0 0 0 0 0 0 0 0 0 0)1(NIL "small-conn-0.5-0" 2 1 250 "small-conn-1-0" 2 1 250)
#(0 0 0 0 0 0 0 0 0 0 0 0 0 0 0 0 0 0 0 0 0 0 0 0 0 0 0 0 0 0 0 0 0 0 0 0 0 0 0 1 0 0 0 0 0 0 0 0 0 0 0 0 0 0 0 0 0 0 0 0 0 0 0 0 0 0 0 0 0 0 0 0 0 0
  0 0 0 0 0 0 0)1(NIL "small-conn-0.5-0" 2 1 250 "small-conn-1-0" 2 1 250)
#(0 0 1 0 1 0 1 0 1 -1 0 0 1 0 1 0 1 0 0 -1 1 -1 1 -1 1 -1 0 0 -1 1 0 1 0 0 0 0 0 0 0 1 1 -1 0 0 0 0 0 0 0 0 0 0 0 0 0 0 0 0 0 0 0 0 0 0 0 0 0 0 0 0 0
  0 0 0 0 0 0 0 0 0 0)1(NIL "small-conn-0.5-0" 2 1 250 "small-conn-1-0" 2 1 250)
#(0 0 1 0 1 0 0 0 0 0 0 0 1 0 1 -1 1 0 0 -1 1 -1 1 -1 1 -1 0 0 -1 1 0 1 0 0 0 0 0 0 0 1 1 -1 0 0 0 0 0 0 0 0 0 0 0 0 0 0 0 0 0 0 0 0 0 0 0 0 0 0 0 0 0
  0 0 0 0 0 0 0 0 0 0)1(NIL "small-conn-0.5-0" 2 1 250 "small-conn-1-0" 2 1 250)
#(0 0 1 0 1 0 1 0 1 -1 1 0 1 0 1 0 1 -1 1 -1 1 -1 1 -1 1 1 0 0 -1 1 0 1 -1 1 0 1 -1 0 -1 1 1 -1 -1 1 -1 1 -1 1 1 -1 -1 0 0 0 0 0 0 0 0 0 0 0 0 0 0 0 0
  0 0 0 0 0 0 0 0 0 0 0 0 0 0)1(NIL "small-conn-0.5-0" 2 1 250 "small-conn-1-0" 2 1 250)
#(0 -1 1 0 1 0 1 0 1 -1 1 0 1 0 1 0 1 -1 1 -1 1 -1 1 -1 1 1 0 0 -1 1 0 1 -1 1 0 1 -1 -1 -1 1 1 -1 1 1 0 0 -1 0 -1 1 -1 1 0 1 -1 0 -1 -1 1 -1 1 1 0 1
  -1 1 -1 -1 -1 0 1 1 0 0 0 1 0 -1 0 1 0)1(NIL "small-conn-0.5-0" 2 1 250 "small-conn-1-0" 2 1 250)
#(0 0 1 0 1 0 1 0 1 -1 1 0 1 0 1 0 1 0 1 -1 1 -1 1 -1 1 1 0 1 -1 1 0 1 0 1 1 1 1 -1 1 1 0 1 0 1 0 1 -1 1 -1 1 -1 1 -1 1 0 0 0 0 0 0 0 0 0 0 0 0 0 0 0
  0 0 0 0 0 0 0 0 0 0 0 0)1(NIL "small-conv-0.5-0" 2 1 250 "small-conv-1-0" 2 1 250)
#(0 0 1 0 1 0 1 0 1 -1 1 0 1 0 1 0 1 -1 1 -1 1 -1 1 -1 1 1 0 0 -1 1 0 1 -1 1 0 1 -1 -1 -1 1 1 -1 1 1 -1 1 -1 1 -1 1 0 0 0 0 0 0 0 0 0 0 0 0 0 0 0 0 0
  0 0 0 0 0 0 0 0 0 0 0 0 0 0)1(NIL "small-conn-0.5-0" 2 1 250 "small-conn-1-0" 2 1 250)
#(0 0 1 0 1 0 1 0 1 -1 1 0 1 0 1 0 1 -1 1 -1 1 -1 1 -1 1 0 0 1 -1 1 0 1 0 1 1 0 1 -1 1 1 0 1 0 1 0 1 -1 1 -1 1 -1 1 -1 1 0 0 0 0 0 0 0 0 0 0 0 0 0 0 0
  0 0 0 0 0 0 0 0 0 0 0 0)1(NIL "small-conv-0.5-0" 2 1 250 "small-conv-1-0" 2 1 250)
#(0 0 0 0 0 0 0 0 0 0 0 0 1 -1 1 -1 1 0 0 -1 1 -1 1 -1 1 -1 0 0 -1 0 0 0 0 0 0 0 0 0 0 1 1 -1 0 0 0 0 0 0 0 0 0 0 0 0 0 0 0 0 0 0 0 0 0 0 0 0 0 0 0 0
  0 0 0 0 0 0 0 0 0 0 0)1(NIL "small-conn-0.5-0" 2 1 250 "small-conn-1-0" 2 1 250)
#(0 0 0 0 0 0 0 0 0 0 0 0 1 -1 1 -1 0 0 0 0 0 0 0 0 0 -1 0 0 0 0 0 0 0 0 0 0 0 0 0 1 -1 1 0 0 0 0 0 0 0 0 0 0 0 0 0 0 0 0 0 0 0 0 0 0 0 0 0 0 0 0 0 0
  0 0 0 0 0 0 0 0 0)1(NIL "small-conv-0.5-0" 2 1 250 "small-conv-1-0" 2 1 250)
#(0 0 1 0 1 0 1 -1 0 0 0 0 1 0 1 0 1 0 0 -1 1 -1 1 -1 1 -1 0 0 -1 1 0 1 0 0 0 0 0 0 0 1 1 -1 0 0 0 0 0 0 0 0 0 0 0 0 0 0 0 0 0 0 0 0 0 0 0 0 0 0 0 0 0
  0 0 0 0 0 0 0 0 0 0)1(NIL "small-conn-0.5-0" 2 1 250 "small-conn-1-0" 2 1 250)
#(0 0 1 0 1 0 1 0 1 -1 1 0 1 0 1 0 1 -1 1 -1 1 -1 1 -1 1 1 0 1 -1 1 0 1 0 1 1 1 1 -1 1 1 0 1 0 1 0 1 -1 1 -1 1 -1 1 -1 1 1 -1 0 -1 1 0 0 0 0 0 0 0 0 0
  0 0 0 0 0 0 0 0 0 0 0 0 0)1(NIL "small-conv-0.5-0" 2 1 250 "small-conv-1-0" 2 1 250)
#(0 0 0 0 0 0 0 0 0 0 0 0 1 -1 1 -1 1 0 0 -1 1 0 0 0 0 -1 0 0 0 0 0 0 0 0 0 0 0 0 0 1 1 -1 0 0 0 0 0 0 0 0 0 0 0 0 0 0 0 0 0 0 0 0 0 0 0 0 0 0 0 0 0 0
  0 0 0 0 0 0 0 0 0)-1(NIL "small-conn-0.5-0" 2 1 250 "small-conn-1-0" 2 1 250)
#(1 0 1 0 1 0 1 0 1 0 1 0 1 0 1 0 1 -1 1 -1 1 -1 1 -1 1 1 0 0 -1 1 0 1 -1 1 0 1 -1 -1 1 1 1 -1 -1 1 1 -1 -1 1 -1 -1 -1 1 1 1 0 0 -1 -1 -1 1 -1 1 0 0
  -1 -1 0 1 1 -1 -1 1 -1 0 1 -1 0 0 0 0 0)-1(NIL "small-conn-0.5-0" 2 1 250 "small-conn-1-0" 2 1 250)
#(0 0 1 0 1 0 1 0 1 -1 1 0 1 0 1 0 1 -1 0 -1 1 -1 1 -1 1 -1 0 0 -1 1 0 1 0 0 0 0 0 0 0 1 1 -1 0 0 0 0 0 0 0 0 0 0 0 0 0 0 0 0 0 0 0 0 0 0 0 0 0 0 0 0
  0 0 0 0 0 0 0 0 0 0 0)-1(NIL "small-conn-0.5-0" 2 1 250 "small-conn-1-0" 2 1 250)
#(0 0 1 0 1 0 1 0 1 -1 1 0 1 0 1 0 1 -1 1 -1 1 -1 1 -1 1 1 0 0 -1 1 0 1 -1 1 0 1 -1 -1 1 1 1 -1 -1 1 1 -1 -1 1 -1 -1 -1 1 1 1 1 1 -1 -1 -1 1 -1 1 -1 1
  -1 -1 0 1 1 0 0 0 0 0 0 0 0 0 0 0 0)-1(NIL "small-conn-0.5-0" 2 1 250 "small-conn-1-0" 2 1 250)
#(0 -1 1 0 1 0 1 0 1 -1 1 0 1 0 1 0 1 0 0 -1 1 -1 1 0 1 0 -1 1 -1 1 0 1 -1 1 0 1 0 -1 1 1 1 -1 0 1 1 -1 -1 1 -1 -1 1 1 1 -1 1 1 0 1 -1 1 -1 -1 -1 1 0
  1 1 -1 -1 1 0 0 1 -1 0 0 1 0 0 0 0)1(NIL "small-conn-0.5-0" 2 1 250 "small-conn-1-0" 2 1 250)
#(0 0 0 0 0 0 0 0 0 0 0 0 0 0 0 0 0 0 0 0 0 0 0 0 0 0 0 0 0 0 0 0 0 0 0 0 0 0 0 1 1 -1 0 0 0 0 0 0 0 0 0 0 0 0 0 0 0 0 0 0 0 0 0 0 0 0 0 0 0 0 0 0 0 0
  0 0 0 0 0 0 0)1(NIL "small-conn-0.5-0" 2 1 250 "small-conn-1-0" 2 1 250)
#(0 0 0 0 0 0 0 0 0 0 0 0 1 -1 1 -1 1 0 0 -1 0 0 0 0 0 -1 0 0 0 0 0 0 0 0 0 0 0 0 0 1 1 -1 0 0 0 0 0 0 0 0 0 0 0 0 0 0 0 0 0 0 0 0 0 0 0 0 0 0 0 0 0 0
  0 0 0 0 0 0 0 0 0)1(NIL "small-conn-0.5-0" 2 1 250 "small-conn-1-0" 2 1 250)
#(0 -1 1 0 1 0 1 0 1 -1 1 0 1 0 1 0 1 0 0 -1 1 -1 1 0 1 0 -1 1 -1 1 0 1 -1 1 0 1 0 -1 1 1 1 -1 0 1 1 -1 -1 1 -1 -1 1 1 1 -1 1 1 -1 1 -1 1 0 -1 0 0 0 0
  0 0 0 0 0 0 0 0 0 0 0 0 0 0 0)1(NIL "small-conn-0.5-0" 2 1 250 "small-conn-1-0" 2 1 250)
#(0 0 1 0 1 0 1 0 1 -1 1 0 1 0 1 0 1 -1 1 -1 1 -1 1 0 1 1 0 0 -1 1 0 1 1 1 0 1 -1 -1 1 1 1 -1 0 1 1 -1 -1 1 -1 -1 1 0 1 1 1 -1 -1 1 -1 0 1 0 0 0 0 0 0
  0 0 0 0 0 0 0 0 0 0 0 0 0 0)1(NIL "small-conn-0.5-0" 2 1 250 "small-conn-1-0" 2 1 250)
#(0 0 1 0 1 0 1 0 1 -1 1 0 1 0 1 0 1 -1 1 -1 1 -1 1 -1 1 -1 -1 1 -1 1 0 1 0 0 0 0 0 0 0 1 1 -1 0 0 0 0 0 0 0 0 0 0 0 0 0 0 0 0 0 0 0 0 0 0 0 0 0 0 0 0
  0 0 0 0 0 0 0 0 0 0 0)1(NIL "small-conn-0.5-0" 2 1 250 "small-conn-1-0" 2 1 250)
#(0 0 1 0 1 0 1 0 1 -1 0 0 1 0 1 0 1 0 0 -1 1 -1 1 -1 1 -1 0 0 -1 1 0 1 0 0 0 0 0 0 0 1 1 -1 0 0 0 0 0 0 0 0 0 0 0 0 0 0 0 0 0 0 0 0 0 0 0 0 0 0 0 0 0
  0 0 0 0 0 0 0 0 0 0)1(NIL "small-conn-0.5-0" 2 1 250 "small-conn-1-0" 2 1 250)
#(0 0 0 0 0 0 0 0 0 0 0 0 1 -1 1 -1 0 0 0 0 0 0 0 0 0 -1 0 0 0 0 0 0 0 0 0 0 0 0 0 1 1 -1 0 0 0 0 0 0 0 0 0 0 0 0 0 0 0 0 0 0 0 0 0 0 0 0 0 0 0 0 0 0
  0 0 0 0 0 0 0 0 0)1(NIL "small-conn-0.5-0" 2 1 250 "small-conn-1-0" 2 1 250)
#(0 0 1 0 1 0 1 0 1 -1 1 0 1 0 1 0 1 -1 1 -1 1 -1 1 -1 1 1 0 0 -1 1 0 1 -1 -1 1 1 -1 -1 1 1 0 1 -1 1 -1 1 -1 1 0 1 -1 -1 1 -1 1 -1 1 1 -1 0 0 0 0 0 0
  0 0 0 0 0 0 0 0 0 0 0 0 0 0 0 0)1(NIL "small-conv-0.5-0" 2 1 250 "small-conv-1-0" 2 1 250)
#(0 0 1 0 1 -1 0 0 0 0 0 0 1 0 1 -1 1 0 0 -1 1 -1 1 -1 1 -1 0 0 -1 1 0 1 0 0 0 0 0 0 0 1 -1 1 0 0 0 0 0 0 0 0 0 0 0 0 0 0 0 0 0 0 0 0 0 0 0 0 0 0 0 0
  0 0 0 0 0 0 0 0 0 0 0)1(NIL "small-conv-0.5-0" 2 1 250 "small-conv-1-0" 2 1 250)
#(0 0 1 0 1 0 1 0 1 -1 1 0 1 0 1 0 1 -1 1 -1 1 -1 1 -1 1 1 0 0 -1 1 0 1 -1 -1 1 1 -1 -1 1 1 -1 1 -1 1 0 0 0 0 0 0 0 0 0 0 0 0 0 0 0 0 0 0 0 0 0 0 0 0
  0 0 0 0 0 0 0 0 0 0 0 0 0)1(NIL "small-conv-0.5-0" 2 1 250 "small-conv-1-0" 2 1 250)
#(0 0 1 0 1 0 1 0 1 -1 1 0 1 0 1 0 1 -1 1 -1 1 -1 1 -1 1 1 0 0 -1 1 0 1 -1 -1 1 1 -1 -1 1 1 -1 1 -1 1 -1 1 -1 1 0 0 0 0 0 0 0 0 0 0 0 0 0 0 0 0 0 0 0
  0 0 0 0 0 0 0 0 0 0 0 0 0 0)1(NIL "small-conv-0.5-0" 2 1 250 "small-conv-1-0" 2 1 250)
#(0 0 0 0 0 0 0 0 0 0 0 0 1 -1 1 0 0 0 0 0 0 0 0 0 0 -1 0 0 0 0 0 0 0 0 0 0 0 0 0 1 1 -1 0 0 0 0 0 0 0 0 0 0 0 0 0 0 0 0 0 0 0 0 0 0 0 0 0 0 0 0 0 0 0
  0 0 0 0 0 0 0 0)1(NIL "small-conn-0.5-0" 2 1 250 "small-conn-1-0" 2 1 250)
#(0 0 0 0 0 0 0 0 0 0 0 0 1 -1 0 0 0 0 0 0 0 0 0 0 0 -1 0 0 0 0 0 0 0 0 0 0 0 0 0 1 1 -1 0 0 0 0 0 0 0 0 0 0 0 0 0 0 0 0 0 0 0 0 0 0 0 0 0 0 0 0 0 0 0
  0 0 0 0 0 0 0 0)1(NIL "small-conn-0.5-0" 2 1 250 "small-conn-1-0" 2 1 250)
#(0 0 0 0 0 0 0 0 0 0 0 0 1 0 0 0 0 0 0 0 0 0 0 0 0 -1 0 0 0 0 0 0 0 0 0 0 0 0 0 1 1 -1 0 0 0 0 0 0 0 0 0 0 0 0 0 0 0 0 0 0 0 0 0 0 0 0 0 0 0 0 0 0 0
  0 0 0 0 0 0 0 0)1(NIL "small-conn-0.5-0" 2 1 250 "small-conn-1-0" 2 1 250)
#(0 0 1 0 1 0 1 0 1 -1 1 0 1 0 1 0 1 -1 1 -1 1 -1 1 -1 1 1 0 0 -1 1 0 1 -1 1 0 1 -1 -1 1 1 1 -1 -1 1 0 0 -1 1 0 1 -1 -1 1 1 -1 1 -1 1 -1 1 -1 1 -1 1 0
  0 0 0 0 0 0 0 0 0 0 0 0 0 0 0 0)1(NIL "small-conn-0.5-0" 2 1 250 "small-conn-1-0" 2 1 250)
#(0 0 1 0 1 0 1 0 1 -1 1 0 1 0 1 0 1 -1 1 -1 1 -1 1 -1 1 -1 -1 0 -1 1 0 1 -1 1 -1 1 -1 -1 1 1 1 -1 0 0 0 0 0 0 0 0 0 0 0 0 0 0 0 0 0 0 0 0 0 0 0 0 0 0
  0 0 0 0 0 0 0 0 0 0 0 0 0)1(NIL "small-conn-0.5-0" 2 1 250 "small-conn-1-0" 2 1 250)
#(0 0 1 0 1 0 1 0 1 -1 1 0 1 0 1 0 1 -1 1 -1 1 -1 1 0 1 1 0 0 -1 1 0 1 1 1 0 1 -1 -1 1 1 1 -1 0 1 0 0 -1 1 0 1 0 1 -1 1 -1 1 0 1 -1 1 1 -1 1 -1 1 1 -1
  -1 1 -1 0 0 -1 0 0 1 0 0 0 0 0)1(NIL "small-conn-0.5-0" 2 1 250 "small-conn-1-0" 2 1 250)
#(0 0 1 0 1 0 1 0 1 -1 1 0 1 0 1 0 1 -1 1 -1 1 -1 1 -1 1 1 0 0 -1 1 0 1 -1 1 0 1 -1 -1 1 1 1 -1 -1 1 0 0 0 0 0 0 0 0 0 0 0 0 0 0 0 0 0 0 0 0 0 0 0 0 0
  0 0 0 0 0 0 0 0 0 0 0 0)1(NIL "small-conn-0.5-0" 2 1 250 "small-conn-1-0" 2 1 250)
#(0 0 0 0 0 0 0 0 0 0 0 0 1 0 0 0 0 0 0 0 0 0 0 0 0 -1 0 0 0 0 0 0 0 0 0 0 0 0 0 1 1 -1 0 0 0 0 0 0 0 0 0 0 0 0 0 0 0 0 0 0 0 0 0 0 0 0 0 0 0 0 0 0 0
  0 0 0 0 0 0 0 0)1(NIL "small-conn-0.5-0" 2 1 250 "small-conn-1-0" 2 1 250)
#(1 0 1 0 1 0 1 0 1 0 1 0 1 0 1 0 1 -1 1 -1 1 -1 1 0 1 1 0 0 -1 1 0 1 1 1 0 1 -1 -1 1 1 1 -1 0 1 0 0 -1 1 0 1 0 1 -1 1 -1 0 -1 1 -1 1 1 -1 1 1 -1 1 1
  -1 -1 1 -1 1 0 -1 0 -1 -1 0 1 -1 0)1(NIL "small-conn-0.5-0" 2 1 250 "small-conn-1-0" 2 1 250)
#(0 0 0 0 0 0 0 0 0 0 0 0 1 -1 1 -1 1 0 0 -1 1 -1 1 -1 1 -1 0 0 -1 1 0 0 0 0 0 0 0 0 0 1 1 -1 0 0 0 0 0 0 0 0 0 0 0 0 0 0 0 0 0 0 0 0 0 0 0 0 0 0 0 0
  0 0 0 0 0 0 0 0 0 0 0)1(NIL "small-conn-0.5-0" 2 1 250 "small-conn-1-0" 2 1 250)
#(0 0 1 0 1 0 0 0 0 0 0 0 1 0 1 -1 1 0 0 -1 1 -1 1 -1 1 -1 0 0 -1 1 0 1 0 0 0 0 0 0 0 1 1 -1 0 0 0 0 0 0 0 0 0 0 0 0 0 0 0 0 0 0 0 0 0 0 0 0 0 0 0 0 0
  0 0 0 0 0 0 0 0 0 0)1(NIL "small-conn-0.5-0" 2 1 250 "small-conn-1-0" 2 1 250)
#(0 0 1 0 1 0 1 0 1 -1 1 0 1 0 1 0 1 -1 1 -1 1 -1 1 -1 1 -1 -1 1 -1 1 0 1 -1 1 -1 0 0 0 0 1 1 -1 0 0 0 0 0 0 0 0 0 0 0 0 0 0 0 0 0 0 0 0 0 0 0 0 0 0 0
  0 0 0 0 0 0 0 0 0 0 0 0)1(NIL "small-conn-0.5-0" 2 1 250 "small-conn-1-0" 2 1 250)
#(0 0 1 0 1 0 1 0 1 -1 1 0 1 0 1 0 1 -1 1 -1 1 -1 1 0 1 1 0 0 -1 1 0 1 1 1 0 1 -1 -1 1 1 1 -1 0 1 1 -1 -1 1 -1 1 0 1 -1 1 -1 1 -1 -1 1 1 1 -1 0 0 0 0
  0 0 0 0 0 0 0 0 0 0 0 0 0 0 0)1(NIL "small-conn-0.5-0" 2 1 250 "small-conn-1-0" 2 1 250)
#(0 0 0 0 0 0 0 0 0 0 0 0 1 -1 1 -1 1 0 0 -1 1 -1 1 -1 1 -1 0 0 0 0 0 0 0 0 0 0 0 0 0 1 1 -1 0 0 0 0 0 0 0 0 0 0 0 0 0 0 0 0 0 0 0 0 0 0 0 0 0 0 0 0 0
  0 0 0 0 0 0 0 0 0 0)1(NIL "small-conn-0.5-0" 2 1 250 "small-conn-1-0" 2 1 250)
#(0 0 1 0 1 0 1 0 1 -1 1 0 1 0 1 0 1 -1 1 -1 1 -1 1 -1 1 0 0 0 -1 1 0 1 -1 1 0 1 -1 -1 1 1 1 -1 -1 1 0 0 0 0 0 0 0 0 0 0 0 0 0 0 0 0 0 0 0 0 0 0 0 0 0
  0 0 0 0 0 0 0 0 0 0 0 0)1(NIL "small-conn-0.5-0" 2 1 250 "small-conn-1-0" 2 1 250)
#(0 1 1 0 1 0 1 0 1 -1 1 0 1 0 1 0 1 -1 1 -1 1 -1 1 0 1 1 0 0 -1 1 0 1 1 1 0 1 -1 -1 1 1 1 -1 0 1 1 -1 -1 1 -1 1 0 1 -1 1 -1 1 -1 -1 1 1 1 -1 -1 1 1 1
  -1 0 -1 1 -1 -1 1 0 1 0 0 -1 1 0 -1)1(NIL "small-conn-0.5-0" 2 1 250 "small-conn-1-0" 2 1 250)
#(0 0 1 0 1 0 1 0 1 -1 1 0 1 0 1 0 1 -1 1 -1 1 -1 1 -1 1 1 0 0 -1 1 0 1 -1 1 0 1 -1 -1 1 1 1 -1 -1 1 -1 1 -1 1 -1 1 -1 0 0 0 0 0 0 0 0 0 0 0 0 0 0 0 0
  0 0 0 0 0 0 0 0 0 0 0 0 0 0)1(NIL "full-conv-0.5-0" 2 1 250 "full-conv-1-0" 2 1 250)
#(0 0 1 0 1 0 1 0 1 -1 1 0 1 0 1 0 1 0 0 -1 1 -1 1 -1 1 -1 0 0 -1 1 0 1 0 0 0 0 0 0 0 1 1 -1 0 0 0 0 0 0 0 0 0 0 0 0 0 0 0 0 0 0 0 0 0 0 0 0 0 0 0 0 0
  0 0 0 0 0 0 0 0 0 0)1(NIL "full-conv-0.5-0" 2 1 250 "full-conv-1-0" 2 1 250)
#(0 0 1 0 1 0 1 -1 0 0 0 0 1 0 1 0 1 0 0 -1 1 -1 1 -1 1 -1 0 0 -1 1 0 1 0 0 0 0 0 0 0 1 1 -1 0 0 0 0 0 0 0 0 0 0 0 0 0 0 0 0 0 0 0 0 0 0 0 0 0 0 0 0 0
  0 0 0 0 0 0 0 0 0 0)1(NIL "full-conv-0.5-0" 2 1 250 "full-conv-1-0" 2 1 250)
#(0 0 0 0 0 0 0 0 0 0 0 0 1 -1 1 -1 1 0 0 -1 1 -1 1 -1 0 -1 0 0 0 0 0 0 0 0 0 0 0 0 0 1 1 -1 0 0 0 0 0 0 0 0 0 0 0 0 0 0 0 0 0 0 0 0 0 0 0 0 0 0 0 0 0
  0 0 0 0 0 0 0 0 0 0)1(NIL "full-conv-0.5-0" 2 1 250 "full-conv-1-0" 2 1 250)
#(0 0 1 0 1 0 1 0 1 -1 1 0 1 0 1 0 1 -1 1 -1 1 -1 1 -1 1 1 0 0 -1 1 0 1 -1 1 0 1 -1 -1 1 1 1 -1 -1 1 -1 1 -1 -1 1 0 0 0 0 0 0 0 0 0 0 0 0 0 0 0 0 0 0
  0 0 0 0 0 0 0 0 0 0 0 0 0 0)1(NIL "full-conv-0.5-0" 2 1 250 "full-conv-1-0" 2 1 250)
#(0 0 1 0 1 0 1 0 1 -1 1 0 1 0 1 0 1 -1 1 -1 1 -1 1 -1 1 1 0 0 -1 1 0 1 -1 1 0 1 -1 -1 1 1 1 -1 -1 1 0 0 -1 1 0 1 -1 1 0 1 -1 1 0 1 -1 -1 1 1 -1 -1 1
  1 -1 -1 1 0 1 0 0 0 0 0 0 0 0 0 0)1(NIL "full-conv-0.5-0" 2 1 250 "full-conv-1-0" 2 1 250)
#(0 0 1 0 1 0 1 0 1 -1 1 0 1 0 1 0 1 -1 1 -1 1 -1 1 0 1 1 0 0 -1 1 0 1 1 1 0 1 -1 -1 1 1 1 -1 0 1 0 0 -1 -1 1 1 0 1 -1 1 -1 1 -1 1 -1 1 1 -1 1 0 1 -1
  1 -1 -1 0 0 0 0 0 0 0 0 0 0 0 0)1(NIL "full-conv-0.5-0" 2 1 250 "full-conv-1-0" 2 1 250)
#(0 0 1 0 1 0 1 0 1 -1 1 0 1 0 1 0 1 -1 1 -1 1 -1 1 -1 1 -1 -1 1 -1 1 0 1 -1 1 0 0 0 0 0 1 1 -1 0 0 0 0 0 0 0 0 0 0 0 0 0 0 0 0 0 0 0 0 0 0 0 0 0 0 0
  0 0 0 0 0 0 0 0 0 0 0 0)1(NIL "full-conv-0.5-0" 2 1 250 "full-conv-1-0" 2 1 250)
#(0 0 1 0 1 0 1 0 1 -1 1 0 1 0 1 0 1 -1 1 -1 1 -1 1 0 1 1 0 0 -1 1 0 1 1 1 0 1 -1 -1 1 1 1 -1 0 1 0 0 -1 -1 1 1 0 1 -1 1 -1 1 -1 1 -1 1 1 0 0 0 0 0 0
  0 0 0 0 0 0 0 0 0 0 0 0 0 0)1(NIL "full-conv-0.5-0" 2 1 250 "full-conv-1-0" 2 1 250)
#(0 0 0 0 0 0 0 0 0 0 0 0 1 -1 1 -1 1 0 0 0 0 0 0 0 0 -1 0 0 0 0 0 0 0 0 0 0 0 0 0 1 1 -1 0 0 0 0 0 0 0 0 0 0 0 0 0 0 0 0 0 0 0 0 0 0 0 0 0 0 0 0 0 0
  0 0 0 0 0 0 0 0 0)1(NIL "full-conv-0.5-0" 2 1 250 "full-conv-1-0" 2 1 250)
#(0 0 1 0 1 0 1 0 1 -1 1 0 1 0 1 0 1 -1 1 -1 1 -1 1 0 1 1 0 0 -1 1 0 1 1 1 0 1 -1 -1 1 1 1 -1 0 1 0 0 -1 -1 1 1 0 1 -1 1 -1 1 -1 1 -1 1 1 -1 1 -1 1 -1
  1 -1 -1 1 0 1 -1 0 1 0 0 -1 0 0 0)1(NIL "full-conv-0.5-0" 2 1 250 "full-conv-1-0" 2 1 250)
#(0 0 1 0 1 0 1 0 1 -1 1 0 1 0 1 0 1 -1 1 -1 1 -1 1 -1 1 1 0 0 -1 1 0 1 -1 1 0 1 -1 -1 1 1 1 -1 -1 1 0 0 -1 1 0 1 -1 1 0 1 -1 1 0 1 -1 -1 1 1 -1 -1 1
  1 0 0 0 0 0 0 0 0 0 0 0 0 0 0 0)1(NIL "full-conv-0.5-0" 2 1 250 "full-conv-1-0" 2 1 250)
#(0 -1 1 0 1 0 1 0 1 -1 1 0 1 0 1 0 1 0 0 -1 1 -1 1 0 1 0 -1 0 -1 1 0 1 1 0 1 1 -1 -1 1 1 1 -1 -1 1 0 0 -1 1 0 1 -1 0 -1 1 -1 1 1 1 0 1 -1 -1 -1 -1 -1
  1 0 1 0 1 1 0 -1 1 0 1 -1 0 0 0 0)1(NIL "full-conv-0.5-0" 2 1 250 "full-conv-1-0" 2 1 250)
#(0 0 0 0 0 0 0 0 0 0 0 0 1 -1 1 -1 1 0 0 -1 1 -1 1 -1 1 -1 0 0 -1 1 -1 0 0 0 0 0 0 0 0 1 1 -1 0 0 0 0 0 0 0 0 0 0 0 0 0 0 0 0 0 0 0 0 0 0 0 0 0 0 0 0
  0 0 0 0 0 0 0 0 0 0 0)1(NIL "full-conv-0.5-0" 2 1 250 "full-conv-1-0" 2 1 250)
#(0 -1 1 0 1 0 1 0 1 -1 1 0 1 0 1 0 1 0 0 -1 1 -1 1 0 1 0 -1 0 -1 1 0 1 1 0 1 1 -1 -1 1 1 1 -1 -1 1 0 0 -1 1 0 1 -1 0 -1 1 -1 1 1 1 0 1 -1 -1 -1 -1 -1
  1 0 1 0 1 0 0 0 0 0 0 0 0 0 0 0)1(NIL "full-conv-0.5-0" 2 1 250 "full-conv-1-0" 2 1 250)
#(0 -1 1 0 1 0 1 0 1 -1 1 0 1 0 1 0 1 0 0 -1 1 -1 1 0 1 0 -1 0 -1 1 0 1 1 0 1 1 -1 -1 1 1 1 -1 -1 1 0 0 -1 1 0 1 -1 0 -1 1 -1 1 1 1 -1 1 -1 -1 -1 0 0
  1 0 0 0 0 0 0 0 0 0 0 0 0 0 0 0)1(NIL "full-conv-0.5-0" 2 1 250 "full-conv-1-0" 2 1 250)
#(0 0 1 0 1 0 1 0 1 -1 1 0 1 0 1 0 1 -1 0 -1 1 -1 1 -1 1 -1 0 0 -1 1 0 1 0 0 0 0 0 0 0 1 1 -1 0 0 0 0 0 0 0 0 0 0 0 0 0 0 0 0 0 0 0 0 0 0 0 0 0 0 0 0
  0 0 0 0 0 0 0 0 0 0 0)1(NIL "full-conv-0.5-0" 2 1 250 "full-conv-1-0" 2 1 250)
#(0 0 1 0 1 0 1 0 1 -1 1 0 1 0 1 0 1 -1 1 -1 1 -1 1 -1 1 -1 -1 1 -1 1 0 1 -1 1 0 0 0 0 0 1 1 -1 0 0 0 0 0 0 0 0 0 0 0 0 0 0 0 0 0 0 0 0 0 0 0 0 0 0 0
  0 0 0 0 0 0 0 0 0 0 0 0)1(NIL "full-conv-0.5-0" 2 1 250 "full-conv-1-0" 2 1 250)
#(0 0 1 0 1 0 1 0 1 -1 1 0 1 0 1 0 1 -1 1 -1 1 -1 1 -1 1 1 0 0 -1 1 0 1 -1 1 0 1 -1 -1 1 1 1 -1 -1 1 0 0 -1 -1 1 1 -1 1 -1 1 -1 0 0 0 0 0 0 0 0 0 0 0
  0 0 0 0 0 0 0 0 0 0 0 0 0 0 0)1(NIL "full-conv-0.5-0" 2 1 250 "full-conv-1-0" 2 1 250)
#(0 0 1 0 1 0 1 0 1 -1 1 0 1 0 1 0 1 -1 1 -1 1 -1 1 -1 1 1 0 0 -1 1 0 1 -1 1 0 1 -1 -1 1 1 1 -1 -1 1 0 0 -1 -1 1 1 -1 1 -1 1 -1 1 -1 0 0 0 0 0 0 0 0 0
  0 0 0 0 0 0 0 0 0 0 0 0 0 0 0)1(NIL "full-conv-0.5-0" 2 1 250 "full-conv-1-0" 2 1 250)
#(0 0 0 0 0 0 0 0 0 0 0 0 1 -1 1 -1 1 0 0 -1 1 -1 1 -1 1 -1 0 0 0 0 0 0 0 0 0 0 0 0 0 1 1 -1 0 0 0 0 0 0 0 0 0 0 0 0 0 0 0 0 0 0 0 0 0 0 0 0 0 0 0 0 0
  0 0 0 0 0 0 0 0 0 0)-1(NIL "full-conv-0.5-0" 2 1 250 "full-conv-1-0" 2 1 250)
#(0 0 1 0 1 0 1 0 1 -1 1 0 1 0 1 0 1 -1 1 -1 1 -1 1 -1 1 -1 0 0 -1 1 0 1 0 0 0 0 0 0 0 1 1 -1 0 0 0 0 0 0 0 0 0 0 0 0 0 0 0 0 0 0 0 0 0 0 0 0 0 0 0 0
  0 0 0 0 0 0 0 0 0 0 0)-1(NIL "full-conv-0.5-0" 2 1 250 "full-conv-1-0" 2 1 250)
#(0 0 1 0 1 0 1 0 1 -1 1 0 1 0 1 0 1 -1 0 -1 1 -1 1 -1 1 -1 0 0 -1 1 0 1 0 0 0 0 0 0 0 1 1 -1 0 0 0 0 0 0 0 0 0 0 0 0 0 0 0 0 0 0 0 0 0 0 0 0 0 0 0 0
  0 0 0 0 0 0 0 0 0 0 0)1(NIL "small-conn-0.5-0" 2 1 250 "small-conn-1-0" 2 1 250)
#(0 0 1 0 1 0 1 0 1 -1 1 0 1 0 1 0 1 -1 1 -1 1 -1 1 -1 1 -1 -1 1 0 1 0 1 -1 -1 -1 0 1 1 1 1 1 -1 -1 0 -1 1 0 1 0 1 -1 0 -1 1 -1 1 -1 1 -1 1 -1 1 1 -1
  1 0 -1 0 0 0 0 0 0 0 0 0 0 0 0 0 0)-1(NIL "full-conv-0.5-0" 2 1 250 "full-conv-1-0" 2 1 250)
#(0 0 1 0 1 0 1 0 1 -1 1 0 1 0 1 0 1 0 0 -1 1 -1 1 -1 1 -1 0 0 -1 1 0 1 0 0 0 0 0 0 0 1 1 -1 0 0 0 0 0 0 0 0 0 0 0 0 0 0 0 0 0 0 0 0 0 0 0 0 0 0 0 0 0
  0 0 0 0 0 0 0 0 0 0)1(NIL "small-conn-0.5-0" 2 1 250 "small-conn-1-0" 2 1 250)
#(0 0 1 0 1 0 1 0 1 -1 1 0 1 0 1 0 1 -1 1 -1 1 -1 1 -1 1 -1 -1 1 0 1 0 1 -1 -1 -1 0 1 1 1 1 1 -1 -1 1 -1 1 -1 1 -1 1 -1 0 0 0 0 0 0 0 0 0 0 0 0 0 0 0
  0 0 0 0 0 0 0 0 0 0 0 0 0 0 0)-1(NIL "full-conv-0.5-0" 2 1 250 "full-conv-1-0" 2 1 250)
#(0 0 1 0 1 0 1 0 1 -1 1 0 1 0 1 0 1 -1 1 -1 1 -1 1 -1 1 1 0 0 -1 1 0 1 -1 1 0 1 -1 -1 1 1 1 -1 -1 1 -1 1 -1 0 0 0 0 0 0 0 0 0 0 0 0 0 0 0 0 0 0 0 0 0
  0 0 0 0 0 0 0 0 0 0 0 0 0)1(NIL "small-conn-0.5-0" 2 1 250 "small-conn-1-0" 2 1 250)
#(0 0 0 0 0 0 0 0 0 0 0 0 1 -1 1 -1 1 0 0 0 0 0 0 0 0 -1 0 0 0 0 0 0 0 0 0 0 0 0 0 1 1 -1 0 0 0 0 0 0 0 0 0 0 0 0 0 0 0 0 0 0 0 0 0 0 0 0 0 0 0 0 0 0
  0 0 0 0 0 0 0 0 0)1(NIL "small-conn-0.5-0" 2 1 250 "small-conn-1-0" 2 1 250)
#(0 0 1 0 1 0 1 0 1 -1 1 0 1 0 1 0 1 -1 1 -1 1 -1 1 -1 1 -1 0 0 -1 1 0 1 0 0 0 0 0 0 0 1 1 -1 0 0 0 0 0 0 0 0 0 0 0 0 0 0 0 0 0 0 0 0 0 0 0 0 0 0 0 0
  0 0 0 0 0 0 0 0 0 0 0)1(NIL "full-conv-0.5-0" 2 1 250 "full-conv-1-0" 2 1 250)
#(0 0 1 0 1 0 1 0 1 -1 1 0 1 0 1 0 1 -1 1 -1 1 -1 1 -1 1 1 0 0 -1 1 0 1 -1 1 0 1 -1 -1 1 1 1 -1 -1 1 -1 1 -1 1 -1 1 -1 1 -1 0 0 0 0 0 0 0 0 0 0 0 0 0
  0 0 0 0 0 0 0 0 0 0 0 0 0 0 0)1(NIL "full-conv-0.5-0" 2 1 250 "full-conv-1-0" 2 1 250)
#(0 0 0 0 0 0 0 0 0 0 0 0 1 -1 1 -1 1 0 0 -1 1 0 0 0 0 -1 0 0 0 0 0 0 0 0 0 0 0 0 0 1 1 -1 0 0 0 0 0 0 0 0 0 0 0 0 0 0 0 0 0 0 0 0 0 0 0 0 0 0 0 0 0 0
  0 0 0 0 0 0 0 0 0)1(NIL "full-conv-0.5-0" 2 1 250 "full-conv-1-0" 2 1 250)
#(0 0 0 0 0 0 0 0 0 0 0 0 1 -1 1 -1 1 0 0 -1 1 -1 1 -1 1 -1 0 0 -1 1 0 1 0 0 0 0 0 0 0 1 1 -1 0 0 0 0 0 0 0 0 0 0 0 0 0 0 0 0 0 0 0 0 0 0 0 0 0 0 0 0
  0 0 0 0 0 0 0 0 0 0 0)1(NIL "full-conv-0.5-0" 2 1 250 "full-conv-1-0" 2 1 250)
#(0 0 1 -1 0 0 0 0 0 0 0 0 1 -1 1 -1 1 0 0 -1 1 -1 1 -1 1 -1 0 0 -1 1 0 1 0 0 0 0 0 0 0 1 1 -1 0 0 0 0 0 0 0 0 0 0 0 0 0 0 0 0 0 0 0 0 0 0 0 0 0 0 0 0
  0 0 0 0 0 0 0 0 0 0 0)1(NIL "full-conv-0.5-0" 2 1 250 "full-conv-1-0" 2 1 250)
#(0 0 1 0 1 0 1 0 1 -1 1 0 1 0 1 0 1 -1 1 -1 1 -1 1 0 1 1 0 0 -1 1 0 1 1 1 0 1 -1 -1 1 1 1 -1 0 1 0 0 -1 1 -1 1 0 1 -1 1 -1 1 1 -1 -1 1 1 -1 1 1 0 -1
  0 0 0 0 0 0 0 0 0 0 0 0 0 0 0)1(NIL "full-conv-0.5-0" 2 1 250 "full-conv-1-0" 2 1 250)
#(0 0 1 0 1 0 1 0 1 -1 1 0 1 0 1 0 1 -1 1 -1 1 -1 1 -1 1 -1 -1 0 -1 1 0 1 -1 1 -1 1 -1 -1 1 1 1 -1 0 0 0 0 0 0 0 0 0 0 0 0 0 0 0 0 0 0 0 0 0 0 0 0 0 0
  0 0 0 0 0 0 0 0 0 0 0 0 0)1(NIL "full-conv-0.5-0" 2 1 250 "full-conv-1-0" 2 1 250)
#(0 0 1 0 1 0 1 0 1 -1 0 0 1 0 1 0 1 0 0 -1 1 -1 1 -1 1 -1 0 0 -1 1 0 1 0 0 0 0 0 0 0 1 1 -1 0 0 0 0 0 0 0 0 0 0 0 0 0 0 0 0 0 0 0 0 0 0 0 0 0 0 0 0 0
  0 0 0 0 0 0 0 0 0 0)1(NIL "full-conv-0.5-0" 2 1 250 "full-conv-1-0" 2 1 250)
#(0 0 1 0 1 0 1 0 1 -1 1 0 1 0 1 0 1 -1 0 -1 1 -1 1 -1 1 -1 -1 0 -1 1 0 1 -1 1 -1 1 -1 0 0 1 1 -1 0 0 0 0 0 0 0 0 0 0 0 0 0 0 0 0 0 0 0 0 0 0 0 0 0 0
  0 0 0 0 0 0 0 0 0 0 0 0 0)1(NIL "full-conv-0.5-0" 2 1 250 "full-conv-1-0" 2 1 250)
#(0 0 1 0 1 0 1 0 1 -1 1 0 1 0 1 0 1 -1 1 -1 1 -1 1 0 1 1 0 0 -1 1 0 1 1 1 0 1 -1 -1 1 1 1 -1 0 1 0 0 -1 1 0 1 0 1 -1 1 -1 1 0 1 -1 1 1 -1 1 1 1 0 1
  -1 1 -1 -1 -1 -1 0 1 1 0 0 -1 1 0)1(NIL "full-conv-0.5-0" 2 1 250 "full-conv-1-0" 2 1 250)
#(0 0 1 0 1 0 1 0 1 -1 1 0 1 0 1 0 1 -1 1 -1 1 -1 1 -1 1 -1 -1 1 -1 1 0 1 -1 1 -1 1 0 0 0 1 1 -1 0 0 0 0 0 0 0 0 0 0 0 0 0 0 0 0 0 0 0 0 0 0 0 0 0 0 0
  0 0 0 0 0 0 0 0 0 0 0 0)1(NIL "full-conv-0.5-0" 2 1 250 "full-conv-1-0" 2 1 250)
#(0 0 1 0 1 0 1 0 1 -1 1 0 1 0 1 0 1 -1 1 -1 1 -1 1 0 1 1 0 0 -1 1 0 1 1 1 0 1 -1 -1 1 1 1 -1 0 1 0 0 -1 1 0 1 0 1 -1 1 -1 1 0 1 -1 1 1 -1 1 1 1 0 1
  -1 1 -1 -1 -1 -1 0 1 1 0 0 -1 0 0)1(NIL "full-conv-0.5-0" 2 1 250 "full-conv-1-0" 2 1 250)
#(0 0 1 0 1 0 1 0 1 -1 1 0 1 0 1 0 1 -1 1 -1 1 -1 1 -1 1 -1 -1 0 -1 1 0 1 -1 1 1 -1 -1 -1 1 1 1 -1 1 -1 -1 0 -1 1 -1 1 -1 1 -1 1 -1 1 -1 0 1 0 0 0 0 0
  0 0 0 0 0 0 0 0 0 0 0 0 0 0 0 0 0)1(NIL "full-conv-0.5-0" 2 1 250 "full-conv-1-0" 2 1 250)
#(0 0 1 0 1 0 1 0 1 -1 1 0 1 0 1 0 1 -1 1 -1 1 -1 1 -1 1 -1 -1 0 -1 1 0 1 -1 1 -1 1 -1 -1 1 1 1 -1 -1 0 0 0 0 0 0 0 0 0 0 0 0 0 0 0 0 0 0 0 0 0 0 0 0
  0 0 0 0 0 0 0 0 0 0 0 0 0 0)1(NIL "full-conv-0.5-0" 2 1 250 "full-conv-1-0" 2 1 250)
#(0 0 1 0 1 0 1 0 1 -1 1 0 1 0 1 0 1 -1 1 -1 1 -1 1 -1 1 -1 -1 0 -1 1 0 1 -1 1 1 -1 -1 -1 1 1 1 -1 1 -1 -1 0 -1 1 -1 1 -1 1 -1 1 -1 1 -1 -1 1 0 0 0 0
  0 0 0 0 0 0 0 0 0 0 0 0 0 0 0 0 0 0)1(NIL "full-conv-0.5-0" 2 1 250 "full-conv-1-0" 2 1 250)
#(0 0 0 0 0 0 0 0 0 0 0 0 1 -1 1 -1 0 0 0 0 0 0 0 0 0 -1 0 0 0 0 0 0 0 0 0 0 0 0 0 1 1 -1 0 0 0 0 0 0 0 0 0 0 0 0 0 0 0 0 0 0 0 0 0 0 0 0 0 0 0 0 0 0
  0 0 0 0 0 0 0 0 0)1(NIL "full-conv-0.5-0" 2 1 250 "full-conv-1-0" 2 1 250)
#(0 0 1 0 1 0 1 0 1 -1 1 0 1 0 1 0 1 0 0 -1 1 -1 1 -1 1 -1 0 0 -1 1 0 1 0 0 0 0 0 0 0 1 1 -1 0 0 0 0 0 0 0 0 0 0 0 0 0 0 0 0 0 0 0 0 0 0 0 0 0 0 0 0 0
  0 0 0 0 0 0 0 0 0 0)1(NIL "full-conv-0.5-0" 2 1 250 "full-conv-1-0" 2 1 250)
#(0 0 0 0 0 0 0 0 0 0 0 0 1 -1 1 -1 1 0 0 -1 1 -1 1 -1 1 -1 0 0 -1 1 0 0 0 0 0 0 0 0 0 1 1 -1 0 0 0 0 0 0 0 0 0 0 0 0 0 0 0 0 0 0 0 0 0 0 0 0 0 0 0 0
  0 0 0 0 0 0 0 0 0 0 0)1(NIL "full-conv-0.5-0" 2 1 250 "full-conv-1-0" 2 1 250)
#(0 0 1 0 1 0 1 0 1 -1 1 0 1 0 1 0 1 -1 1 -1 1 -1 1 -1 1 -1 -1 0 -1 1 0 1 0 1 1 -1 -1 -1 1 1 1 1 1 -1 -1 0 -1 1 -1 1 0 1 -1 1 -1 1 -1 -1 1 1 -1 -1 1
  -1 1 1 -1 0 0 0 0 0 0 0 0 0 0 0 0 0 0)1(NIL "full-conv-0.5-0" 2 1 250 "full-conv-1-0" 2 1 250)
#(0 0 1 0 1 0 1 0 1 -1 1 0 1 0 1 0 1 -1 1 -1 1 -1 1 -1 1 -1 -1 0 -1 1 0 1 -1 1 -1 1 -1 0 0 1 1 -1 0 0 0 0 0 0 0 0 0 0 0 0 0 0 0 0 0 0 0 0 0 0 0 0 0 0
  0 0 0 0 0 0 0 0 0 0 0 0 0)1(NIL "full-conv-0.5-0" 2 1 250 "full-conv-1-0" 2 1 250)
#(0 0 1 0 1 0 1 0 1 -1 1 0 1 0 1 0 1 -1 1 -1 1 -1 1 -1 1 1 0 0 -1 1 0 1 -1 1 0 1 -1 -1 1 1 1 -1 -1 1 -1 1 0 0 0 0 0 0 0 0 0 0 0 0 0 0 0 0 0 0 0 0 0 0
  0 0 0 0 0 0 0 0 0 0 0 0 0)1(NIL "full-conv-0.5-0" 2 1 250 "full-conv-1-0" 2 1 250)
#(0 0 1 0 1 0 1 0 1 -1 1 0 1 0 1 0 1 -1 1 -1 1 -1 1 -1 1 1 0 0 -1 1 0 1 -1 1 0 1 -1 -1 1 1 1 -1 -1 1 -1 0 -1 1 1 -1 -1 1 1 -1 -1 1 -1 1 -1 1 0 0 -1 0
  0 0 0 0 0 0 0 0 0 0 0 0 0 0 0 0 0)1(NIL "full-conv-0.5-0" 2 1 250 "full-conv-1-0" 2 1 250)
#(0 0 1 0 1 0 1 0 1 -1 1 0 1 0 1 0 1 -1 1 -1 1 -1 1 -1 1 1 0 0 -1 1 0 1 -1 1 0 1 -1 -1 1 1 1 -1 -1 1 -1 1 -1 1 0 0 0 0 0 0 0 0 0 0 0 0 0 0 0 0 0 0 0 0
  0 0 0 0 0 0 0 0 0 0 0 0 0)1(NIL "full-conv-0.5-0" 2 1 250 "full-conv-1-0" 2 1 250)
#(0 0 1 0 1 0 1 0 1 0 0 0 1 0 1 0 1 0 0 -1 1 -1 1 -1 1 -1 0 0 -1 1 0 1 0 0 0 0 0 0 0 1 1 -1 0 0 0 0 0 0 0 0 0 0 0 0 0 0 0 0 0 0 0 0 0 0 0 0 0 0 0 0 0
  0 0 0 0 0 0 0 0 0 0)1(NIL "full-conv-0.5-0" 2 1 250 "full-conv-1-0" 2 1 250)
#(0 0 1 0 1 0 1 0 1 -1 1 0 1 0 1 0 1 -1 1 -1 1 -1 1 0 1 1 0 0 -1 1 0 1 1 1 0 1 -1 -1 1 1 1 -1 0 1 0 0 -1 1 0 1 0 1 -1 1 -1 1 -1 1 -1 1 1 -1 1 1 0 -1 0
  -1 0 0 0 0 0 0 0 0 0 0 0 0 0)1(NIL "full-conv-0.5-0" 2 1 250 "full-conv-1-0" 2 1 250)
#(0 -1 1 0 1 0 1 0 1 -1 1 0 1 0 1 0 1 -1 1 -1 1 -1 1 0 1 1 0 0 -1 1 0 1 1 1 0 1 -1 -1 1 1 1 -1 0 1 0 0 -1 1 0 1 0 1 -1 1 -1 1 -1 1 -1 1 1 -1 1 1 0 -1
  1 -1 1 -1 0 -1 1 -1 0 1 0 1 -1 0 1)1(NIL "full-conv-0.5-0" 2 1 250 "full-conv-1-0" 2 1 250)
#(0 0 1 0 1 0 1 0 1 -1 1 0 1 0 1 0 1 -1 1 -1 1 -1 1 -1 1 1 0 0 -1 1 0 1 -1 1 0 1 -1 -1 1 1 1 -1 -1 1 -1 1 -1 1 -1 0 0 0 0 0 0 0 0 0 0 0 0 0 0 0 0 0 0
  0 0 0 0 0 0 0 0 0 0 0 0 0 0)1(NIL "full-conv-0.5-0" 2 1 250 "full-conv-1-0" 2 1 250)
#(0 0 1 0 1 0 1 0 1 -1 1 0 1 0 1 0 1 -1 1 -1 1 -1 1 -1 1 1 0 0 -1 1 0 1 -1 1 0 1 -1 -1 1 1 1 -1 -1 1 0 0 -1 1 0 1 -1 1 -1 1 -1 1 -1 1 -1 0 0 0 0 0 0 0
  0 0 0 0 0 0 0 0 0 0 0 0 0 0 0)1(NIL "full-conv-0.5-0" 2 1 250 "full-conv-1-0" 2 1 250)
#(0 0 1 0 1 0 1 0 1 -1 1 0 1 0 1 0 1 -1 1 -1 1 -1 1 -1 1 -1 -1 1 -1 1 0 1 -1 1 0 0 0 0 0 1 1 -1 0 0 0 0 0 0 0 0 0 0 0 0 0 0 0 0 0 0 0 0 0 0 0 0 0 0 0
  0 0 0 0 0 0 0 0 0 0 0 0)1(NIL "full-conv-0.5-0" 2 1 250 "full-conv-1-0" 2 1 250)
#(0 0 1 0 1 0 1 0 1 -1 1 0 1 0 1 0 1 -1 1 -1 1 -1 1 -1 1 -1 0 0 -1 1 0 1 0 0 0 0 0 0 0 1 1 -1 0 0 0 0 0 0 0 0 0 0 0 0 0 0 0 0 0 0 0 0 0 0 0 0 0 0 0 0
  0 0 0 0 0 0 0 0 0 0 0)1(NIL "full-conv-0.5-0" 2 1 250 "full-conv-1-0" 2 1 250)
#(0 0 1 0 1 0 1 0 1 -1 1 0 1 0 1 0 1 -1 1 -1 1 -1 1 -1 1 1 0 0 -1 1 0 1 -1 1 0 1 -1 -1 1 1 1 -1 -1 1 -1 1 0 0 0 0 0 0 0 0 0 0 0 0 0 0 0 0 0 0 0 0 0 0
  0 0 0 0 0 0 0 0 0 0 0 0 0)1(NIL "full-conv-0.5-0" 2 1 250 "full-conv-1-0" 2 1 250)
#(0 0 1 0 1 0 1 0 1 -1 1 0 1 0 1 0 1 -1 1 -1 1 -1 1 -1 1 1 0 0 -1 1 0 1 -1 1 0 1 -1 -1 1 1 1 -1 -1 1 -1 0 0 0 0 0 0 0 0 0 0 0 0 0 0 0 0 0 0 0 0 0 0 0
  0 0 0 0 0 0 0 0 0 0 0 0 0)1(NIL "full-conv-0.5-0" 2 1 250 "full-conv-1-0" 2 1 250)
#(0 0 1 0 1 0 1 0 1 -1 1 0 1 0 1 0 1 0 0 -1 1 -1 1 -1 1 -1 0 0 -1 1 0 1 0 0 0 0 0 0 0 1 1 -1 0 0 0 0 0 0 0 0 0 0 0 0 0 0 0 0 0 0 0 0 0 0 0 0 0 0 0 0 0
  0 0 0 0 0 0 0 0 0 0)1(NIL "full-conv-0.5-0" 2 1 250 "full-conv-1-0" 2 1 250)
#(0 0 1 0 1 0 1 0 1 -1 1 0 1 0 1 0 1 -1 1 -1 1 -1 1 -1 1 -1 -1 0 -1 1 0 1 -1 1 -1 1 -1 -1 0 1 1 -1 0 0 0 0 0 0 0 0 0 0 0 0 0 0 0 0 0 0 0 0 0 0 0 0 0 0
  0 0 0 0 0 0 0 0 0 0 0 0 0)1(NIL "full-conv-0.5-0" 2 1 250 "full-conv-1-0" 2 1 250)
#(0 -1 1 0 1 0 1 0 1 -1 1 0 1 0 1 0 1 -1 1 -1 1 -1 1 -1 1 1 0 0 -1 1 0 1 0 1 0 1 -1 -1 1 1 1 1 0 1 0 0 -1 1 0 1 0 1 -1 1 -1 0 -1 1 0 1 1 0 1 -1 1 -1 1
  1 -1 -1 1 1 0 -1 0 -1 1 0 1 -1 0)1(NIL "full-conv-0.5-0" 2 1 250 "full-conv-1-0" 2 1 250)
#(0 0 1 0 1 0 1 0 1 -1 1 0 1 0 1 0 1 -1 1 -1 1 -1 1 -1 1 -1 -1 0 -1 1 0 1 0 0 0 0 0 0 0 1 1 -1 0 0 0 0 0 0 0 0 0 0 0 0 0 0 0 0 0 0 0 0 0 0 0 0 0 0 0 0
  0 0 0 0 0 0 0 0 0 0 0)1(NIL "full-conv-0.5-0" 2 1 250 "full-conv-1-0" 2 1 250)
#(0 0 1 0 1 0 1 0 1 -1 1 0 1 0 1 0 1 -1 1 -1 1 -1 1 -1 1 1 0 0 -1 1 0 1 -1 1 0 1 -1 -1 1 1 1 -1 -1 1 -1 0 0 0 0 0 0 0 0 0 0 0 0 0 0 0 0 0 0 0 0 0 0 0
  0 0 0 0 0 0 0 0 0 0 0 0 0)1(NIL "full-conv-0.5-0" 2 1 250 "full-conv-1-0" 2 1 250)
#(0 0 1 0 1 0 1 0 1 -1 1 0 1 0 1 0 1 -1 1 -1 1 -1 1 -1 1 1 0 0 -1 1 0 1 -1 1 0 1 -1 -1 1 1 1 -1 -1 1 0 0 -1 1 0 1 -1 1 -1 1 -1 1 -1 1 0 0 0 0 0 0 0 0
  0 0 0 0 0 0 0 0 0 0 0 0 0 0 0)1(NIL "full-conv-0.5-0" 2 1 250 "full-conv-1-0" 2 1 250)
#(0 0 1 0 1 0 1 0 1 -1 1 0 1 0 1 0 1 -1 1 -1 1 -1 1 0 1 1 0 0 -1 1 0 1 1 1 0 1 -1 -1 1 1 1 -1 0 1 0 0 -1 1 0 1 0 1 0 1 -1 1 0 1 -1 1 -1 1 1 -1 1 1 -1
  -1 0 0 0 0 0 0 0 0 0 0 0 0 0)1(NIL "full-conv-0.5-0" 2 1 250 "full-conv-1-0" 2 1 250)
#(0 0 0 0 0 0 0 0 0 0 0 0 0 0 0 0 0 0 0 0 0 0 0 0 0 0 0 0 0 0 0 0 0 0 0 0 0 0 0 1 1 -1 0 0 0 0 0 0 0 0 0 0 0 0 0 0 0 0 0 0 0 0 0 0 0 0 0 0 0 0 0 0 0 0
  0 0 0 0 0 0 0)1(NIL "full-conv-0.5-0" 2 1 250 "full-conv-1-0" 2 1 250)
#(0 0 1 0 1 0 1 0 1 -1 1 0 1 0 1 0 1 -1 0 -1 1 -1 1 -1 1 -1 0 0 -1 1 0 1 0 0 0 0 0 0 0 1 1 -1 0 0 0 0 0 0 0 0 0 0 0 0 0 0 0 0 0 0 0 0 0 0 0 0 0 0 0 0
  0 0 0 0 0 0 0 0 0 0 0)1(NIL "full-conv-0.5-0" 2 1 250 "full-conv-1-0" 2 1 250)
#(0 0 1 0 1 0 1 0 1 -1 1 0 1 0 1 0 1 0 1 -1 1 -1 1 -1 1 0 0 0 -1 1 0 1 -1 1 0 1 -1 -1 1 1 1 -1 -1 1 0 0 0 0 0 0 0 0 0 0 0 0 0 0 0 0 0 0 0 0 0 0 0 0 0
  0 0 0 0 0 0 0 0 0 0 0 0)1(NIL "full-conv-0.5-0" 2 1 250 "full-conv-1-0" 2 1 250)
#(0 0 0 0 0 0 0 0 0 0 0 0 1 -1 1 -1 1 0 0 -1 1 -1 1 -1 1 -1 0 0 -1 1 0 1 0 0 0 0 0 0 0 1 1 -1 0 0 0 0 0 0 0 0 0 0 0 0 0 0 0 0 0 0 0 0 0 0 0 0 0 0 0 0
  0 0 0 0 0 0 0 0 0 0 0)1(NIL "full-conv-0.5-0" 2 1 250 "full-conv-1-0" 2 1 250)
#(0 0 1 0 1 0 1 0 1 -1 1 0 1 0 1 0 1 -1 1 -1 1 -1 1 -1 1 1 0 0 -1 1 0 1 -1 1 0 1 -1 -1 1 1 1 -1 -1 1 0 1 1 -1 -1 1 -1 1 -1 1 -1 1 0 0 0 0 0 0 0 0 0 0
  0 0 0 0 0 0 0 0 0 0 0 0 0 0 0)1(NIL "full-conv-0.5-0" 2 1 250 "full-conv-1-0" 2 1 250)
#(0 0 1 0 1 -1 0 -1 0 -1 1 1 1 -1 0 -1 0 -1 1 -1 0 -1 0 -1 1 -1 -1 0 -1 1 0 -1 0 1 -1 1 -1 -1 -1 1 1 -1 1 -1 0 0 0 0 0 0 0 0 0 0 0 0 0 0 0 0 0 0 0 0 0
  0 0 0 0 0 0 0 0 0 0 0 0 0 0 0 0)-1(NIL "full-conn-0.75-0" 2 1 250 "full-conn-0.25-0" 2 1 250)
#(0 0 1 0 1 -1 0 -1 0 -1 1 1 1 -1 0 -1 0 -1 1 -1 0 -1 0 -1 1 -1 -1 0 -1 1 0 -1 0 1 -1 1 -1 -1 -1 1 1 -1 1 -1 0 -1 1 -1 1 -1 1 -1 1 -1 -1 0 -1 1 -1 1
  -1 0 -1 0 -1 -1 1 -1 1 -1 -1 1 -1 0 1 1 -1 0 0 0 0)-1(NIL "full-conn-0.75-0" 2 1 250 "full-conn-0.25-0" 2 1 250)
#(0 0 1 0 1 -1 0 -1 0 -1 1 1 1 -1 0 -1 0 -1 0 -1 0 -1 0 -1 1 -1 -1 0 -1 1 0 -1 0 1 -1 1 -1 -1 0 1 1 -1 0 0 0 0 0 0 0 0 0 0 0 0 0 0 0 0 0 0 0 0 0 0 0 0
  0 0 0 0 0 0 0 0 0 0 0 0 0 0 0)-1(NIL "full-conn-0.75-0" 2 1 250 "full-conn-0.25-0" 2 1 250)
#(0 0 1 0 1 -1 0 -1 0 -1 1 1 1 -1 0 -1 0 -1 1 -1 0 -1 0 -1 1 -1 -1 0 -1 1 0 -1 0 1 -1 1 -1 -1 -1 1 1 -1 1 -1 0 -1 1 -1 1 -1 1 -1 1 -1 -1 0 -1 1 -1 1
  -1 0 -1 1 -1 -1 1 -1 1 -1 -1 0 0 0 0 0 0 0 0 0 0)-1(NIL "full-conn-0.75-0" 2 1 250 "full-conn-0.25-0" 2 1 250)
#(0 0 1 -1 0 0 0 0 0 0 0 0 1 -1 1 -1 1 0 0 -1 1 -1 1 -1 1 -1 0 0 -1 1 0 1 0 0 0 0 0 0 0 1 1 -1 0 0 0 0 0 0 0 0 0 0 0 0 0 0 0 0 0 0 0 0 0 0 0 0 0 0 0 0
  0 0 0 0 0 0 0 0 0 0 0)1(NIL "full-conn-0.75-0" 2 1 250 "full-conn-0.25-0" 2 1 250)
#(0 -1 1 0 1 0 1 0 1 -1 1 0 1 0 1 0 1 -1 1 -1 1 -1 1 0 1 1 0 0 -1 1 0 1 1 1 0 1 -1 -1 1 1 1 -1 0 1 0 0 -1 1 0 1 0 1 -1 1 -1 1 0 1 0 1 1 -1 1 0 0 1 -1
  1 1 -1 -1 1 -1 0 0 0 0 0 0 0 0)1(NIL "full-conn-0.75-0" 2 1 250 "full-conn-0.25-0" 2 1 250)
#(0 0 1 0 1 0 1 0 1 -1 1 0 1 0 1 0 1 -1 1 -1 1 -1 1 0 1 1 0 0 -1 1 0 1 1 1 0 1 -1 -1 1 1 1 0 0 1 0 0 -1 1 0 1 0 1 -1 1 -1 1 -1 1 -1 1 0 0 0 0 0 0 0 0
  0 0 0 0 0 0 0 0 0 0 0 0 0)1(NIL "full-conn-0.75-0" 2 1 250 "full-conn-0.25-0" 2 1 250)
#(0 0 1 0 1 0 0 0 0 0 0 0 1 0 1 -1 1 0 0 -1 1 -1 1 -1 1 -1 0 0 -1 1 0 1 0 0 0 0 0 0 0 1 1 -1 0 0 0 0 0 0 0 0 0 0 0 0 0 0 0 0 0 0 0 0 0 0 0 0 0 0 0 0 0
  0 0 0 0 0 0 0 0 0 0)1(NIL "full-conn-0.75-0" 2 1 250 "full-conn-0.25-0" 2 1 250)
#(0 0 1 0 1 0 1 0 1 -1 1 0 1 0 1 0 1 -1 1 -1 1 -1 1 0 1 1 0 0 -1 1 0 1 1 1 0 1 -1 -1 1 1 1 -1 0 1 0 0 -1 1 0 1 0 1 -1 1 -1 0 -1 1 -1 1 1 -1 1 -1 0 -1
  1 -1 1 -1 -1 1 0 -1 0 0 0 0 0 0 0)1(NIL "full-conn-0.75-0" 2 1 250 "full-conn-0.25-0" 2 1 250)
#(0 0 0 0 0 0 0 0 0 0 0 0 0 0 0 0 0 0 0 0 0 0 0 0 0 0 0 0 0 0 0 0 0 0 0 0 0 0 0 0 0 0 0 0 0 0 0 0 0 0 0 0 0 0 0 0 0 0 0 0 0 0 0 0 0 0 0 0 0 0 0 0 0 0
  0 0 0 0 0 0 0)1(NIL "full-conn-0.75-0" 2 1 250 "full-conn-0.25-0" 2 1 250)
#(0 0 1 0 1 0 1 0 1 -1 1 0 1 0 1 0 1 -1 1 -1 1 -1 1 -1 1 1 0 0 -1 1 0 1 -1 1 0 1 -1 -1 1 1 1 -1 -1 1 0 0 -1 1 0 1 -1 1 -1 1 -1 1 -1 1 -1 0 0 0 0 0 0 0
  0 0 0 0 0 0 0 0 0 0 0 0 0 0 0)1(NIL "full-conn-0.75-0" 2 1 250 "full-conn-0.25-0" 2 1 250)
#(0 0 1 0 1 0 1 0 1 -1 1 0 1 0 1 0 1 0 0 -1 1 -1 1 -1 1 -1 0 0 -1 1 0 1 0 0 0 0 0 0 0 1 1 -1 0 0 0 0 0 0 0 0 0 0 0 0 0 0 0 0 0 0 0 0 0 0 0 0 0 0 0 0 0
  0 0 0 0 0 0 0 0 0 0)1(NIL "full-conn-0.75-0" 2 1 250 "full-conn-0.25-0" 2 1 250)
#(0 0 1 0 1 0 1 0 1 -1 1 0 1 0 1 0 1 -1 1 -1 1 -1 1 -1 1 1 0 0 -1 1 0 1 -1 1 0 1 -1 -1 1 1 1 -1 -1 1 0 0 -1 1 0 1 -1 1 -1 1 -1 1 -1 1 -1 0 0 0 0 0 0 0
  0 0 0 0 0 0 0 0 0 0 0 0 0 0 0)1(NIL "full-conn-0.75-0" 2 1 250 "full-conn-0.25-0" 2 1 250)
#(0 0 1 0 1 0 1 0 1 -1 1 0 1 0 1 0 1 -1 1 -1 1 -1 1 -1 1 1 0 0 -1 1 0 1 -1 1 0 1 -1 -1 1 1 1 -1 -1 1 0 0 -1 1 -1 1 -1 1 -1 1 -1 1 0 0 0 0 0 0 0 0 0 0
  0 0 0 0 0 0 0 0 0 0 0 0 0 0 0)1(NIL "full-conn-0.75-0" 2 1 250 "full-conn-0.25-0" 2 1 250)
#(0 0 1 0 1 0 1 0 1 -1 1 0 1 0 1 0 1 -1 1 -1 1 -1 1 -1 1 1 0 0 -1 1 0 1 -1 1 0 1 -1 -1 1 1 1 -1 -1 1 0 0 -1 1 -1 1 -1 1 -1 1 -1 1 -1 0 0 0 0 0 0 0 0 0
  0 0 0 0 0 0 0 0 0 0 0 0 0 0 0)1(NIL "full-conn-0.75-0" 2 1 250 "full-conn-0.25-0" 2 1 250)
#(0 0 0 0 0 0 0 0 0 0 0 0 1 -1 1 -1 1 0 0 -1 1 -1 1 -1 1 -1 0 0 -1 1 0 0 0 0 0 0 0 0 0 1 1 -1 0 0 0 0 0 0 0 0 0 0 0 0 0 0 0 0 0 0 0 0 0 0 0 0 0 0 0 0
  0 0 0 0 0 0 0 0 0 0 0)1(NIL "full-conn-0.75-0" 2 1 250 "full-conn-0.25-0" 2 1 250)
#(0 0 1 0 1 0 1 0 1 -1 1 0 1 0 1 0 1 -1 0 -1 1 -1 1 -1 1 -1 -1 0 -1 1 0 1 -1 1 -1 1 -1 0 0 1 1 -1 0 0 0 0 0 0 0 0 0 0 0 0 0 0 0 0 0 0 0 0 0 0 0 0 0 0
  0 0 0 0 0 0 0 0 0 0 0 0 0)1(NIL "full-conn-0.75-0" 2 1 250 "full-conn-0.25-0" 2 1 250)
#(0 0 1 -1 0 0 0 0 0 0 0 0 1 -1 1 -1 1 0 0 -1 1 -1 1 -1 1 -1 0 0 -1 1 0 1 0 0 0 0 0 0 0 1 1 -1 0 0 0 0 0 0 0 0 0 0 0 0 0 0 0 0 0 0 0 0 0 0 0 0 0 0 0 0
  0 0 0 0 0 0 0 0 0 0 0)1(NIL "full-conn-0.75-0" 2 1 250 "full-conn-0.25-0" 2 1 250)
#(0 0 0 0 0 0 0 0 0 0 0 0 1 -1 1 -1 1 0 0 -1 1 -1 1 -1 0 -1 0 0 0 0 0 0 0 0 0 0 0 0 0 1 1 -1 0 0 0 0 0 0 0 0 0 0 0 0 0 0 0 0 0 0 0 0 0 0 0 0 0 0 0 0 0
  0 0 0 0 0 0 0 0 0 0)1(NIL "full-conn-0.75-0" 2 1 250 "full-conn-0.25-0" 2 1 250)
#(1 0 1 0 1 0 1 0 1 0 1 0 1 0 1 0 1 -1 1 -1 1 -1 1 0 1 1 0 0 -1 1 0 1 1 1 0 1 -1 -1 1 1 1 -1 0 1 0 0 -1 1 0 1 0 1 -1 1 -1 1 -1 1 -1 1 1 0 1 -1 1 -1 1
  -1 1 0 1 1 -1 1 0 -1 -1 0 1 0 -1)1(NIL "full-conn-0.75-0" 2 1 250 "full-conn-0.25-0" 2 1 250)
#(0 0 1 0 1 0 1 0 1 -1 1 0 1 0 1 0 1 -1 1 -1 1 -1 1 0 1 1 0 0 -1 1 0 1 1 1 0 1 -1 -1 1 1 1 -1 0 1 0 0 -1 1 0 1 0 1 -1 1 -1 1 -1 1 -1 1 1 -1 0 0 0 0 0
  0 0 0 0 0 0 0 0 0 0 0 0 0 0)1(NIL "full-conn-0.75-0" 2 1 250 "full-conn-0.25-0" 2 1 250)
#(0 0 0 0 0 0 0 0 0 0 0 0 1 -1 1 0 0 0 0 0 0 0 0 0 0 -1 0 0 0 0 0 0 0 0 0 0 0 0 0 1 1 -1 0 0 0 0 0 0 0 0 0 0 0 0 0 0 0 0 0 0 0 0 0 0 0 0 0 0 0 0 0 0 0
  0 0 0 0 0 0 0 0)1(NIL "full-conn-0.75-0" 2 1 250 "full-conn-0.25-0" 2 1 250)
#(0 0 0 0 0 0 0 0 0 0 0 0 1 -1 1 -1 1 0 0 -1 1 -1 1 -1 0 -1 0 0 0 0 0 0 0 0 0 0 0 0 0 1 1 -1 0 0 0 0 0 0 0 0 0 0 0 0 0 0 0 0 0 0 0 0 0 0 0 0 0 0 0 0 0
  0 0 0 0 0 0 0 0 0 0)1(NIL "full-conn-0.75-0" 2 1 250 "full-conn-0.25-0" 2 1 250)
#(0 -1 1 0 1 0 1 0 1 -1 1 0 1 0 1 0 1 -1 1 -1 1 -1 1 0 1 1 0 0 -1 1 0 1 1 1 0 1 -1 -1 1 1 1 -1 0 1 0 0 -1 1 0 1 0 1 -1 1 -1 1 -1 1 -1 1 1 0 1 -1 0 -1
  1 -1 1 -1 1 1 0 -1 0 -1 0 1 0 0 0)1(NIL "full-conn-0.75-0" 2 1 250 "full-conn-0.25-0" 2 1 250)
#(0 0 1 0 1 0 1 0 1 -1 1 0 1 0 1 0 1 -1 1 -1 1 -1 1 -1 1 1 0 0 -1 1 0 1 -1 1 0 1 -1 -1 1 1 1 -1 -1 1 0 0 -1 1 -1 1 1 -1 -1 1 -1 0 0 0 0 0 0 0 0 0 0 0
  0 0 0 0 0 0 0 0 0 0 0 0 0 0 0)1(NIL "full-conn-0.75-0" 2 1 250 "full-conn-0.25-0" 2 1 250)
#(0 -1 1 0 1 0 1 0 1 -1 1 0 1 0 1 0 1 -1 1 -1 1 -1 1 0 1 1 0 0 -1 1 0 1 1 1 0 1 -1 -1 1 1 1 0 1 1 0 0 -1 1 0 1 1 -1 0 1 -1 0 -1 1 0 1 0 1 -1 0 -1 1 -1
  1 0 1 1 0 -1 1 0 -1 0 1 -1 0 1)1(NIL "full-conn-0.75-0" 2 1 250 "full-conn-0.25-0" 2 1 250)
#(0 0 1 0 1 0 1 0 1 -1 1 0 1 0 1 0 1 -1 1 -1 1 -1 1 -1 1 1 0 0 -1 1 0 1 -1 1 0 1 -1 -1 1 1 1 -1 -1 1 -1 1 -1 1 -1 0 0 0 0 0 0 0 0 0 0 0 0 0 0 0 0 0 0
  0 0 0 0 0 0 0 0 0 0 0 0 0 0)1(NIL "full-conn-0.75-0" 2 1 250 "full-conn-0.25-0" 2 1 250)
#(0 0 1 0 1 0 1 0 1 -1 1 0 1 0 1 0 1 -1 1 -1 1 -1 1 0 1 1 0 0 -1 1 0 1 1 1 0 1 -1 -1 1 1 1 0 1 1 0 0 -1 1 0 1 1 -1 0 1 -1 0 -1 1 0 1 0 1 -1 0 -1 1 -1
  1 0 1 1 0 -1 1 0 -1 0 1 -1 0 0)1(NIL "full-conn-0.75-0" 2 1 250 "full-conn-0.25-0" 2 1 250)
#(0 0 1 0 1 0 1 0 1 -1 1 0 1 0 1 0 1 -1 1 -1 1 -1 1 -1 1 -1 -1 1 -1 1 0 1 -1 1 -1 0 0 0 0 1 0 -1 0 0 0 0 0 0 0 1 0 0 0 0 0 0 0 0 0 0 0 0 0 0 0 0 0 0 0
  0 0 0 0 0 0 0 0 0 0 0 0)-1(NIL "full-conn-0.75-0" 2 1 250 "full-conn-0.25-0" 2 1 250)
#(0 0 1 0 1 0 1 0 1 -1 1 0 1 0 1 0 1 -1 1 -1 1 -1 1 -1 1 1 0 0 -1 1 0 1 -1 1 0 1 -1 -1 1 1 0 -1 -1 1 -1 1 -1 1 -1 1 1 -1 1 -1 1 0 0 0 0 0 0 0 0 0 0 0
  0 0 0 0 0 0 0 0 0 0 0 0 0 0 0)-1(NIL "full-conn-0.75-0" 2 1 250 "full-conn-0.25-0" 2 1 250)
#(0 0 1 0 1 0 1 0 1 -1 1 0 1 0 1 0 1 -1 1 -1 1 -1 1 -1 1 1 0 0 -1 1 0 1 -1 1 0 1 -1 -1 1 1 0 -1 -1 1 -1 1 -1 1 -1 1 1 -1 1 0 1 -1 1 -1 1 -1 1 -1 1 0 0
  0 0 0 0 0 0 0 0 0 0 0 0 0 0 0 0)-1(NIL "full-conn-0.75-0" 2 1 250 "full-conn-0.25-0" 2 1 250)
#(0 0 0 0 0 0 0 0 0 0 0 0 1 -1 1 -1 1 0 0 -1 1 -1 1 -1 1 -1 0 0 -1 1 0 0 0 0 0 0 0 0 0 1 0 -1 0 0 0 0 0 0 0 1 0 0 0 0 0 0 0 0 0 0 0 0 0 0 0 0 0 0 0 0
  0 0 0 0 0 0 0 0 0 0 0)-1(NIL "full-conn-0.75-0" 2 1 250 "full-conn-0.25-0" 2 1 250)
#(0 0 1 0 1 0 1 0 1 -1 1 0 1 0 1 0 1 -1 0 -1 1 -1 1 -1 1 -1 -1 0 -1 1 0 1 -1 1 -1 1 -1 0 0 1 1 -1 0 0 0 0 0 0 0 0 0 0 0 0 0 0 0 0 0 0 0 0 0 0 0 0 0 0
  0 0 0 0 0 0 0 0 0 0 0 0 0)1(NIL "full-conn-0.75-0" 2 1 250 "full-conn-0.25-0" 2 1 250)
#(0 0 0 0 0 0 0 0 0 0 0 0 1 -1 1 -1 1 0 0 -1 1 0 0 0 0 -1 0 0 0 0 0 0 0 0 0 0 0 0 0 1 1 -1 0 0 0 0 0 0 0 0 0 0 0 0 0 0 0 0 0 0 0 0 0 0 0 0 0 0 0 0 0 0
  0 0 0 0 0 0 0 0 0)1(NIL "full-conn-0.75-0" 2 1 250 "full-conn-0.25-0" 2 1 250)
#(0 1 1 0 1 0 1 0 1 -1 1 0 1 0 1 0 1 -1 1 -1 1 -1 1 0 1 1 0 0 -1 1 0 1 1 1 0 1 -1 -1 1 1 1 -1 0 1 0 0 -1 1 0 1 0 1 -1 1 -1 0 -1 1 -1 1 1 -1 1 -1 0 -1
  1 -1 0 1 -1 -1 0 -1 0 1 0 -1 1 -1 0)1(NIL "full-conn-0.75-0" 2 1 250 "full-conn-0.25-0" 2 1 250)
#(0 0 1 0 1 0 1 0 1 -1 1 0 1 0 1 0 1 -1 1 -1 1 -1 1 0 1 1 0 0 -1 1 0 1 1 1 0 1 -1 -1 1 1 1 -1 0 1 0 0 -1 1 0 1 0 1 -1 1 -1 1 -1 1 -1 1 1 -1 1 -1 1 0 0
  0 0 0 0 0 0 0 0 0 0 0 0 0 0)1(NIL "full-conn-0.75-0" 2 1 250 "full-conn-0.25-0" 2 1 250)
#(0 0 1 0 1 0 1 0 1 -1 1 0 1 0 1 0 1 -1 1 -1 1 -1 1 0 1 1 0 0 -1 1 0 1 1 1 0 1 -1 -1 1 1 1 -1 0 1 0 0 -1 1 0 1 0 1 -1 1 -1 1 -1 1 0 1 1 0 1 -1 1 -1 1
  1 -1 -1 1 1 0 1 -1 0 0 0 0 0 0)1(NIL "full-conn-0.75-0" 2 1 250 "full-conn-0.25-0" 2 1 250)
#(0 0 0 0 0 0 0 0 0 0 0 0 1 0 0 0 0 0 0 0 0 0 0 0 0 -1 0 0 0 0 0 0 0 0 0 0 0 0 0 1 1 -1 0 0 0 0 0 0 0 0 0 0 0 0 0 0 0 0 0 0 0 0 0 0 0 0 0 0 0 0 0 0 0
  0 0 0 0 0 0 0 0)1(NIL "full-conn-0.75-0" 2 1 250 "full-conn-0.25-0" 2 1 250)
#(0 0 1 0 1 -1 0 0 0 0 0 0 1 0 1 -1 1 0 0 -1 1 -1 1 -1 1 -1 0 0 -1 1 0 1 0 0 0 0 0 0 0 1 1 -1 0 0 0 0 0 0 0 0 0 0 0 0 0 0 0 0 0 0 0 0 0 0 0 0 0 0 0 0
  0 0 0 0 0 0 0 0 0 0 0)1(NIL "full-conn-0.75-0" 2 1 250 "full-conn-0.25-0" 2 1 250)
#(0 0 0 0 0 0 0 0 0 0 0 0 1 -1 1 -1 1 0 0 -1 1 0 0 0 0 -1 0 0 0 0 0 0 0 0 0 0 0 0 0 1 1 -1 0 0 0 0 0 0 0 0 0 0 0 0 0 0 0 0 0 0 0 0 0 0 0 0 0 0 0 0 0 0
  0 0 0 0 0 0 0 0 0)1(NIL "full-conn-0.75-0" 2 1 250 "full-conn-0.25-0" 2 1 250)
#(0 0 1 0 1 0 1 0 1 -1 1 0 1 0 1 0 1 -1 1 -1 1 -1 1 -1 1 1 0 0 -1 1 0 1 -1 1 0 1 -1 -1 1 1 1 -1 -1 1 0 0 -1 1 -1 1 -1 1 -1 1 -1 0 0 0 0 0 0 0 0 0 0 0
  0 0 0 0 0 0 0 0 0 0 0 0 0 0 0)1(NIL "full-conn-0.75-0" 2 1 250 "full-conn-0.25-0" 2 1 250)
#(0 0 1 0 1 0 1 0 0 0 0 0 1 0 1 0 1 0 0 -1 1 -1 1 -1 1 -1 0 0 -1 1 0 1 0 0 0 0 0 0 0 1 1 -1 0 0 0 0 0 0 0 0 0 0 0 0 0 0 0 0 0 0 0 0 0 0 0 0 0 0 0 0 0
  0 0 0 0 0 0 0 0 0 0)1(NIL "full-conn-0.75-0" 2 1 250 "full-conn-0.25-0" 2 1 250)
#(0 0 1 0 1 0 1 0 1 -1 1 0 1 0 1 0 1 -1 1 -1 1 -1 1 0 1 1 0 0 -1 1 0 1 1 1 0 1 -1 -1 1 1 1 -1 0 1 0 0 -1 1 0 1 0 1 -1 1 -1 1 -1 1 -1 1 1 -1 1 -1 1 -1
  0 0 0 0 0 0 0 0 0 0 0 0 0 0 0)1(NIL "full-conn-0.75-0" 2 1 250 "full-conn-0.25-0" 2 1 250)
#(0 0 1 0 1 0 1 0 1 -1 1 0 1 0 1 0 1 -1 1 -1 1 -1 1 0 1 1 0 0 -1 1 0 1 1 1 0 1 -1 -1 1 1 1 -1 0 1 0 0 -1 1 0 1 0 1 -1 1 -1 1 -1 1 -1 1 1 0 1 -1 1 -1 1
  -1 1 -1 1 0 0 0 0 0 0 0 0 0 0)1(NIL "full-conn-0.75-0" 2 1 250 "full-conn-0.25-0" 2 1 250)
#(0 0 1 0 1 0 1 0 1 -1 1 0 1 0 1 0 1 -1 1 -1 1 -1 1 -1 1 1 0 0 -1 1 0 1 -1 1 0 1 -1 -1 1 1 1 -1 -1 1 0 0 -1 1 -1 1 -1 1 -1 1 -1 0 0 0 0 0 0 0 0 0 0 0
  0 0 0 0 0 0 0 0 0 0 0 0 0 0 0)1(NIL "full-conn-0.75-0" 2 1 250 "full-conn-0.25-0" 2 1 250)
#(0 0 1 0 1 0 1 0 1 -1 1 0 1 0 1 0 1 -1 1 -1 1 -1 1 -1 1 1 0 0 -1 1 0 1 -1 1 0 1 -1 -1 1 1 1 -1 -1 1 -1 1 -1 1 -1 1 -1 0 0 0 0 0 0 0 0 0 0 0 0 0 0 0 0
  0 0 0 0 0 0 0 0 0 0 0 0 0 0)1(NIL "full-conn-0.75-0" 2 1 250 "full-conn-0.25-0" 2 1 250)
#(0 0 1 0 1 0 1 0 1 0 0 0 1 0 1 0 1 0 0 -1 1 -1 1 -1 1 -1 0 0 -1 1 0 1 0 0 0 0 0 0 0 1 1 -1 0 0 0 0 0 0 0 0 0 0 0 0 0 0 0 0 0 0 0 0 0 0 0 0 0 0 0 0 0
  0 0 0 0 0 0 0 0 0 0)1(NIL "full-conn-0.75-0" 2 1 250 "full-conn-0.25-0" 2 1 250)
#(0 0 1 0 1 0 1 0 1 -1 1 0 1 0 1 0 1 -1 0 -1 1 -1 1 -1 1 -1 -1 0 -1 1 0 1 -1 1 -1 1 -1 0 0 1 1 -1 0 0 0 0 0 0 0 0 0 0 0 0 0 0 0 0 0 0 0 0 0 0 0 0 0 0
  0 0 0 0 0 0 0 0 0 0 0 0 0)1(NIL "full-conn-0.75-0" 2 1 250 "full-conn-0.25-0" 2 1 250)
#(0 0 0 0 0 0 0 0 0 0 0 0 1 -1 1 -1 1 0 0 -1 1 -1 1 0 0 -1 0 0 0 0 0 0 0 0 0 0 0 0 0 1 1 -1 0 0 0 0 0 0 0 0 0 0 0 0 0 0 0 0 0 0 0 0 0 0 0 0 0 0 0 0 0
  0 0 0 0 0 0 0 0 0 0)1(NIL "full-conn-0.75-0" 2 1 250 "full-conn-0.25-0" 2 1 250)
#(0 0 1 0 1 0 1 0 1 -1 1 0 1 0 1 0 1 -1 1 -1 1 -1 1 -1 1 1 0 0 -1 1 0 1 -1 1 0 1 -1 -1 1 1 1 -1 -1 1 -1 1 -1 1 -1 1 -1 0 0 0 0 0 0 0 0 0 0 0 0 0 0 0 0
  0 0 0 0 0 0 0 0 0 0 0 0 0 0)1(NIL "full-conn-0.75-0" 2 1 250 "full-conn-0.25-0" 2 1 250)
#(0 0 1 0 1 0 1 0 1 -1 1 0 1 0 1 0 1 -1 1 -1 1 -1 1 0 1 1 0 0 -1 1 0 1 1 1 0 1 -1 -1 1 1 1 -1 0 1 0 0 -1 1 0 1 0 1 -1 1 -1 1 -1 1 -1 1 1 -1 0 0 0 0 0
  0 0 0 0 0 0 0 0 0 0 0 0 0 0)1(NIL "full-conn-0.75-0" 2 1 250 "full-conn-0.25-0" 2 1 250)
#(0 0 1 0 1 0 1 0 1 -1 1 0 1 0 1 0 1 -1 1 -1 1 -1 1 0 1 1 0 0 -1 1 0 1 1 1 0 1 -1 -1 1 1 1 -1 0 1 0 0 -1 1 0 1 0 1 -1 1 -1 1 -1 1 -1 1 1 -1 1 -1 0 0 0
  0 0 0 0 0 0 0 0 0 0 0 0 0 0)1(NIL "full-conn-0.75-0" 2 1 250 "full-conn-0.25-0" 2 1 250)
#(0 0 0 0 0 0 0 0 0 0 0 0 1 -1 1 0 0 0 0 0 0 0 0 0 0 -1 0 0 0 0 0 0 0 0 0 0 0 0 0 1 1 -1 0 0 0 0 0 0 0 0 0 0 0 0 0 0 0 0 0 0 0 0 0 0 0 0 0 0 0 0 0 0 0
  0 0 0 0 0 0 0 0)1(NIL "full-conn-0.75-0" 2 1 250 "full-conn-0.25-0" 2 1 250)
#(0 0 1 0 1 0 1 0 1 -1 1 0 1 0 1 0 1 -1 1 -1 1 -1 1 0 1 1 0 0 -1 1 0 1 1 1 0 1 -1 -1 1 1 1 -1 0 1 0 0 -1 1 0 1 0 1 -1 1 -1 1 -1 1 -1 1 1 -1 1 -1 1 -1
  1 0 0 0 0 0 0 0 0 0 0 0 0 0 0)1(NIL "full-conn-0.75-0" 2 1 250 "full-conn-0.25-0" 2 1 250)
#(0 0 1 0 1 0 1 0 1 -1 1 0 1 0 1 0 1 -1 1 -1 1 -1 1 0 1 1 0 0 -1 1 0 1 1 1 0 1 -1 -1 1 1 1 -1 0 1 0 0 -1 1 0 1 0 1 -1 1 -1 1 -1 1 -1 1 1 0 1 -1 1 -1 1
  -1 1 -1 1 1 -1 1 0 -1 0 0 0 0 0)1(NIL "full-conn-0.75-0" 2 1 250 "full-conn-0.25-0" 2 1 250)
#(0 0 1 0 1 0 1 0 1 -1 1 0 1 0 1 0 1 -1 1 -1 1 -1 1 0 1 1 0 0 -1 1 0 1 1 1 0 1 -1 -1 1 1 1 -1 0 1 0 0 -1 1 0 1 0 1 -1 1 -1 1 -1 1 -1 1 1 0 1 -1 1 -1 1
  -1 1 -1 1 1 -1 0 0 0 0 0 0 0 0)1(NIL "full-conn-0.75-0" 2 1 250 "full-conn-0.25-0" 2 1 250)
#(0 0 1 0 1 0 1 0 1 -1 1 0 1 0 1 0 1 -1 1 -1 1 -1 1 -1 1 -1 -1 0 -1 1 0 1 -1 1 -1 1 -1 -1 1 1 1 -1 0 0 0 0 0 0 0 0 0 0 0 0 0 0 0 0 0 0 0 0 0 0 0 0 0 0
  0 0 0 0 0 0 0 0 0 0 0 0 0)1(NIL "full-conn-0.75-0" 2 1 250 "full-conn-0.25-0" 2 1 250)
#(0 0 1 0 1 0 1 0 1 -1 1 0 1 0 1 0 1 -1 1 -1 1 -1 1 -1 1 1 0 0 -1 1 0 1 -1 1 0 1 -1 -1 1 1 1 -1 -1 1 0 0 0 0 0 0 0 0 0 0 0 0 0 0 0 0 0 0 0 0 0 0 0 0 0
  0 0 0 0 0 0 0 0 0 0 0 0)1(NIL "full-conn-0.75-0" 2 1 250 "full-conn-0.25-0" 2 1 250)
#(0 0 1 0 1 0 1 0 1 -1 1 0 1 0 1 0 1 -1 1 -1 1 -1 1 0 1 1 0 0 -1 1 0 1 1 1 0 1 -1 -1 1 1 1 -1 0 1 0 0 -1 1 0 1 0 1 -1 1 -1 1 -1 1 -1 1 1 0 1 -1 0 -1 1
  -1 1 -1 1 1 0 -1 0 1 -1 0 -1 0 0)1(NIL "full-conn-0.75-0" 2 1 250 "full-conn-0.25-0" 2 1 250)
#(0 0 1 0 1 0 1 0 1 -1 1 0 1 0 1 0 1 -1 1 -1 1 -1 1 0 1 1 0 0 -1 1 0 1 1 1 0 1 -1 -1 1 1 1 -1 0 1 0 0 -1 1 0 1 0 1 -1 1 -1 1 -1 1 -1 1 1 -1 0 0 0 0 0
  0 0 0 0 0 0 0 0 0 0 0 0 0 0)1(NIL "full-conn-0.75-0" 2 1 250 "full-conn-0.25-0" 2 1 250)
#(0 0 1 0 1 0 1 0 1 -1 1 0 1 0 1 0 1 -1 1 -1 1 -1 1 0 1 1 0 0 -1 1 0 1 1 1 0 1 -1 -1 1 1 1 -1 0 1 0 0 -1 1 0 1 0 1 -1 1 -1 1 -1 1 0 1 1 0 1 -1 0 -1 1
  0 1 -1 1 1 -1 -1 -1 0 1 0 0 0 0)1(NIL "full-conn-0.75-0" 2 1 250 "full-conn-0.25-0" 2 1 250)
#(0 0 1 0 1 0 1 0 1 -1 1 0 1 0 1 0 1 -1 1 -1 1 -1 1 0 1 1 0 0 -1 1 0 1 1 1 0 1 -1 -1 1 1 1 0 0 1 0 0 -1 1 0 1 0 1 -1 1 -1 1 -1 1 -1 1 0 0 0 0 0 0 0 0
  0 0 0 0 0 0 0 0 0 0 0 0 0)1(NIL "full-conn-0.75-0" 2 1 250 "full-conn-0.25-0" 2 1 250)
#(0 0 1 0 1 0 1 0 1 -1 1 0 1 0 1 0 1 -1 1 -1 1 -1 1 -1 1 -1 -1 0 -1 1 0 1 -1 1 -1 1 -1 0 0 1 1 -1 0 0 0 0 0 0 0 0 0 0 0 0 0 0 0 0 0 0 0 0 0 0 0 0 0 0
  0 0 0 0 0 0 0 0 0 0 0 0 0)1(NIL "full-conn-0.75-0" 2 1 250 "full-conn-0.25-0" 2 1 250)
#(0 0 1 0 1 0 1 0 1 -1 1 0 1 0 1 0 1 -1 0 -1 1 -1 1 -1 1 -1 0 0 -1 1 0 1 0 0 0 0 0 0 0 1 1 -1 0 0 0 0 0 0 0 0 0 0 0 0 0 0 0 0 0 0 0 0 0 0 0 0 0 0 0 0
  0 0 0 0 0 0 0 0 0 0 0)1(NIL "full-conn-0.75-0" 2 1 250 "full-conn-0.25-0" 2 1 250)
#(0 0 1 0 1 0 1 0 1 -1 1 0 1 0 1 0 1 -1 1 -1 1 -1 1 -1 1 -1 -1 1 -1 1 0 1 -1 1 -1 1 0 0 0 1 1 -1 0 0 0 0 0 0 0 0 0 0 0 0 0 0 0 0 0 0 0 0 0 0 0 0 0 0 0
  0 0 0 0 0 0 0 0 0 0 0 0)1(NIL "full-conn-0.75-0" 2 1 250 "full-conn-0.25-0" 2 1 250)
#(0 0 0 0 0 0 0 0 0 0 0 0 1 -1 1 -1 1 0 0 -1 1 -1 1 -1 1 -1 0 0 -1 1 0 1 0 0 0 0 0 0 0 1 1 -1 0 0 0 0 0 0 0 0 0 0 0 0 0 0 0 0 0 0 0 0 0 0 0 0 0 0 0 0
  0 0 0 0 0 0 0 0 0 0 0)1(NIL "full-conn-0.75-0" 2 1 250 "full-conn-0.25-0" 2 1 250)
#(0 0 0 0 0 0 0 0 0 0 0 0 1 -1 1 -1 1 0 0 -1 1 0 1 -1 1 -1 0 0 -1 1 0 1 0 0 0 0 0 0 0 1 1 -1 0 0 0 0 0 0 0 0 0 0 0 0 0 0 0 0 0 0 0 0 0 0 0 0 0 0 0 0 0
  0 0 0 0 0 0 0 0 0 0)1(NIL "full-conn-0.75-0" 2 1 250 "full-conn-0.25-0" 2 1 250)
#(0 0 1 0 1 0 1 0 1 -1 1 0 1 0 1 0 1 -1 0 -1 1 -1 1 -1 1 -1 0 0 -1 1 0 1 0 0 0 0 0 0 0 1 1 -1 0 0 0 0 0 0 0 0 0 0 0 0 0 0 0 0 0 0 0 0 0 0 0 0 0 0 0 0
  0 0 0 0 0 0 0 0 0 0 0)1(NIL "full-conn-0.75-0" 2 1 250 "full-conn-0.25-0" 2 1 250)
#(0 0 1 0 1 0 1 0 1 -1 1 0 1 0 1 0 1 -1 1 -1 1 -1 1 -1 1 1 0 0 -1 1 0 1 0 1 0 1 -1 -1 1 1 1 0 0 1 0 0 -1 1 0 1 0 1 -1 1 -1 1 -1 1 -1 1 0 0 0 0 0 0 0 0
  0 0 0 0 0 0 0 0 0 0 0 0 0)1(NIL "full-conn-0.75-0" 2 1 250 "full-conn-0.25-0" 2 1 250)
#(0 0 1 0 1 0 1 0 1 -1 1 0 1 0 1 0 1 -1 1 -1 1 -1 1 0 1 1 0 0 -1 1 0 1 1 1 0 1 -1 -1 1 1 1 -1 0 1 0 0 -1 1 0 1 0 1 -1 1 -1 1 -1 1 -1 1 1 -1 1 -1 0 0 0
  0 0 0 0 0 0 0 0 0 0 0 0 0 0)1(NIL "full-conn-0.75-0" 2 1 250 "full-conn-0.25-0" 2 1 250)
#(0 0 1 0 1 0 1 0 1 -1 1 0 1 0 1 0 1 -1 1 -1 1 -1 1 -1 1 1 0 0 -1 1 0 1 -1 1 0 1 -1 -1 1 1 1 -1 -1 1 0 1 -1 1 -1 1 -1 1 -1 1 0 0 0 0 0 0 0 0 0 0 0 0 0
  0 0 0 0 0 0 0 0 0 0 0 0 0 0)1(NIL "full-conn-0.75-0" 2 1 250 "full-conn-0.25-0" 2 1 250)
#(0 0 1 0 1 0 1 0 1 -1 1 0 1 0 1 0 1 -1 1 -1 1 -1 1 -1 1 1 0 0 -1 1 0 1 -1 1 0 1 -1 -1 1 1 1 -1 -1 1 -1 1 -1 1 -1 1 0 0 0 0 0 0 0 0 0 0 0 0 0 0 0 0 0
  0 0 0 0 0 0 0 0 0 0 0 0 0 0)1(NIL "full-conn-0.75-0" 2 1 250 "full-conn-0.25-0" 2 1 250)
#(0 0 1 0 1 0 1 0 1 -1 1 0 1 0 1 0 1 -1 1 -1 1 -1 1 0 1 1 0 0 -1 1 0 1 1 1 0 1 -1 -1 1 1 1 -1 0 1 0 0 -1 1 0 1 0 1 -1 1 -1 1 -1 1 -1 1 1 -1 1 -1 0 0 0
  0 0 0 0 0 0 0 0 0 0 0 0 0 0)1(NIL "full-conn-0.75-0" 2 1 250 "full-conn-0.25-0" 2 1 250)
#(0 0 1 0 1 0 1 0 1 -1 1 0 1 0 1 0 1 -1 1 -1 1 -1 1 0 1 1 0 0 -1 1 0 1 1 1 0 1 -1 -1 1 1 1 -1 0 1 0 0 -1 1 0 1 0 1 0 1 -1 1 -1 1 -1 1 1 0 1 -1 1 -1 1
  -1 1 -1 1 0 0 0 0 0 0 0 0 0 0)1(NIL "full-conn-0.75-0" 2 1 250 "full-conn-0.25-0" 2 1 250)
#(0 0 1 0 1 0 1 0 1 -1 1 0 1 0 1 0 1 -1 1 -1 1 -1 1 -1 1 1 0 0 -1 1 0 1 -1 1 0 1 -1 -1 1 1 1 -1 -1 1 0 0 0 0 0 0 0 0 0 0 0 0 0 0 0 0 0 0 0 0 0 0 0 0 0
  0 0 0 0 0 0 0 0 0 0 0 0)1(NIL "full-conn-0.75-0" 2 1 250 "full-conn-0.25-0" 2 1 250)
#(0 -1 1 0 1 0 1 0 1 -1 1 0 1 0 1 0 1 -1 1 -1 1 -1 1 0 1 1 0 0 -1 1 0 1 1 1 0 1 -1 -1 1 1 1 -1 0 1 0 0 -1 1 0 1 0 1 -1 1 -1 0 -1 1 0 1 1 0 1 -1 -1 -1
  1 1 1 -1 1 1 -1 0 -1 0 1 -1 0 1 1)1(NIL "full-conn-0.75-0" 2 1 250 "full-conn-0.25-0" 2 1 250)
#(0 0 1 0 1 0 1 0 1 -1 1 0 1 0 1 0 1 -1 1 -1 1 -1 1 -1 1 1 0 0 -1 1 0 1 -1 1 0 1 -1 -1 1 1 1 -1 -1 1 0 0 0 0 0 0 0 0 0 0 0 0 0 0 0 0 0 0 0 0 0 0 0 0 0
  0 0 0 0 0 0 0 0 0 0 0 0)1(NIL "full-conn-0.75-0" 2 1 250 "full-conn-0.25-0" 2 1 250)
#(0 0 1 0 1 0 1 0 1 -1 1 0 1 0 1 0 1 -1 1 -1 1 -1 1 0 1 1 0 0 -1 1 0 1 1 1 0 1 -1 -1 1 1 1 -1 0 1 0 0 -1 1 0 1 0 1 -1 1 -1 1 -1 1 -1 1 1 0 1 -1 1 0 1
  -1 1 -1 1 1 -1 0 1 0 0 0 0 0 0)1(NIL "full-conn-0.75-0" 2 1 250 "full-conn-0.25-0" 2 1 250)
#(0 0 1 0 1 0 1 0 1 -1 1 0 1 0 1 0 1 -1 1 -1 1 -1 1 -1 1 1 0 0 -1 1 0 1 -1 1 0 1 -1 -1 1 1 1 -1 -1 1 -1 1 -1 1 -1 1 -1 1 -1 0 0 0 0 0 0 0 0 0 0 0 0 0
  0 0 0 0 0 0 0 0 0 0 0 0 0 0 0)1(NIL "full-conn-0.75-0" 2 1 250 "full-conn-0.25-0" 2 1 250)
#(0 0 1 0 1 0 1 0 1 -1 1 0 1 0 1 0 1 -1 1 -1 1 -1 1 0 1 1 0 0 -1 1 0 1 1 1 0 1 -1 -1 1 1 1 -1 0 1 0 0 -1 1 0 1 0 1 -1 1 -1 1 -1 1 -1 1 1 -1 1 -1 1 -1
  0 0 0 0 0 0 0 0 0 0 0 0 0 0 0)1(NIL "full-conn-0.75-0" 2 1 250 "full-conn-0.25-0" 2 1 250)
#(0 0 1 0 1 0 1 0 1 -1 1 0 1 0 1 0 1 -1 0 -1 1 -1 1 -1 1 -1 0 0 -1 1 0 1 0 0 0 0 0 0 0 1 1 -1 0 0 0 0 0 0 0 0 0 0 0 0 0 0 0 0 0 0 0 0 0 0 0 0 0 0 0 0
  0 0 0 0 0 0 0 0 0 0 0)1(NIL "full-conn-0.75-0" 2 1 250 "full-conn-0.25-0" 2 1 250)
#(0 0 1 0 1 0 1 0 1 -1 1 0 1 0 1 0 1 -1 1 -1 1 -1 1 -1 1 1 0 0 -1 1 0 1 -1 1 0 1 -1 -1 1 1 1 -1 -1 1 -1 1 -1 1 -1 1 -1 1 0 0 0 0 0 0 0 0 0 0 0 0 0 0 0
  0 0 0 0 0 0 0 0 0 0 0 0 0 0)1(NIL "full-conn-0.75-0" 2 1 250 "full-conn-0.25-0" 2 1 250)
#(0 0 1 0 1 0 1 0 1 -1 1 0 1 0 1 0 1 -1 1 -1 1 -1 1 0 1 1 0 0 -1 1 0 1 1 1 0 1 -1 -1 1 1 1 -1 0 1 0 0 -1 1 0 1 0 1 -1 1 -1 1 -1 1 -1 1 1 -1 1 -1 1 -1
  1 0 0 0 0 0 0 0 0 0 0 0 0 0 0)1(NIL "full-conn-0.75-0" 2 1 250 "full-conn-0.25-0" 2 1 250)
#(0 0 1 0 1 0 1 -1 0 0 0 0 1 0 1 0 1 0 0 -1 1 -1 1 -1 1 -1 0 0 -1 1 0 1 0 0 0 0 0 0 0 1 1 -1 0 0 0 0 0 0 0 0 0 0 0 0 0 0 0 0 0 0 0 0 0 0 0 0 0 0 0 0 0
  0 0 0 0 0 0 0 0 0 0)1(NIL "full-conn-0.75-0" 2 1 250 "full-conn-0.25-0" 2 1 250)
#(0 0 1 0 1 0 1 0 1 -1 1 0 1 0 1 0 1 -1 1 -1 1 -1 1 0 1 1 0 0 -1 1 0 1 1 1 0 1 -1 -1 1 1 1 -1 0 1 0 0 -1 1 0 1 0 1 -1 1 -1 0 -1 1 -1 1 1 0 1 -1 0 -1 1
  -1 1 -1 1 1 -1 0 -1 0 0 0 0 0 0)1(NIL "full-conn-0.75-0" 2 1 250 "full-conn-0.25-0" 2 1 250)
#(0 0 1 0 1 0 1 0 1 -1 1 0 1 0 1 0 1 -1 1 -1 1 -1 1 -1 1 -1 -1 1 -1 1 0 1 -1 0 0 0 0 0 0 1 1 -1 0 0 0 0 0 0 0 0 0 0 0 0 0 0 0 0 0 0 0 0 0 0 0 0 0 0 0
  0 0 0 0 0 0 0 0 0 0 0 0)1(NIL "full-conn-0.75-0" 2 1 250 "full-conn-0.25-0" 2 1 250)
#(0 0 1 0 1 0 1 0 1 -1 1 0 1 0 1 0 1 -1 0 -1 1 -1 1 -1 1 -1 0 0 -1 1 0 1 0 0 0 0 0 0 0 1 1 -1 0 0 0 0 0 0 0 0 0 0 0 0 0 0 0 0 0 0 0 0 0 0 0 0 0 0 0 0
  0 0 0 0 0 0 0 0 0 0 0)1(NIL "full-conn-0.75-0" 2 1 250 "full-conn-0.25-0" 2 1 250)
#(-1 0 1 0 1 0 1 0 1 -1 1 0 1 0 1 0 1 -1 1 -1 1 -1 1 0 1 1 0 0 -1 1 0 1 1 1 0 1 -1 -1 1 1 1 -1 0 1 0 0 -1 1 0 1 0 1 -1 1 -1 1 -1 1 -1 1 1 0 1 -1 0 -1
  1 -1 1 -1 1 1 -1 -1 -1 1 0 1 0 1 0)1(NIL "full-conn-0.75-0" 2 1 250 "full-conn-0.25-0" 2 1 250)
#(0 0 1 0 1 0 1 0 0 0 0 0 1 0 1 0 1 0 0 -1 1 -1 1 -1 1 -1 0 0 -1 1 0 1 0 0 0 0 0 0 0 1 1 -1 0 0 0 0 0 0 0 0 0 0 0 0 0 0 0 0 0 0 0 0 0 0 0 0 0 0 0 0 0
  0 0 0 0 0 0 0 0 0 0)1(NIL "full-conn-0.75-0" 2 1 250 "full-conn-0.25-0" 2 1 250)
#(0 -1 1 0 1 0 1 0 1 0 1 0 1 0 1 0 1 -1 1 -1 1 -1 1 -1 1 -1 -1 1 -1 1 0 1 -1 1 0 0 0 0 0 1 1 -1 0 0 0 0 0 0 0 0 0 0 0 0 0 0 0 0 0 0 0 0 0 0 0 0 0 0 0
  0 0 0 0 0 0 0 0 0 0 0 0)1(NIL "full-conn-0.75-0" 2 1 250 "full-conn-0.25-0" 2 1 250)
#(0 -1 1 0 1 0 1 0 1 0 1 0 1 0 1 0 1 -1 1 -1 1 -1 1 -1 1 1 0 1 0 1 0 1 -1 1 0 1 -1 1 1 1 1 -1 -1 1 -1 0 0 0 0 0 0 0 0 0 0 0 0 0 0 0 0 0 0 0 0 0 0 0 0
  0 0 0 0 0 0 0 0 0 0 0 0)1(NIL "full-conn-0.75-0" 2 1 250 "full-conn-0.25-0" 2 1 250)
#(0 -1 1 0 1 0 1 0 1 0 1 0 1 0 1 0 1 -1 1 -1 1 -1 1 0 1 1 0 1 0 1 0 1 1 1 0 1 0 1 1 1 1 0 0 1 0 1 0 1 0 1 0 1 -1 1 -1 1 -1 1 -1 1 0 0 0 0 0 0 0 0 0 0
  0 0 0 0 0 0 0 0 0 0 0)1(NIL "full-conn-0.75-0" 2 1 250 "full-conn-0.25-0" 2 1 250)
#(0 0 1 0 1 0 1 0 1 -1 1 0 1 0 1 0 1 -1 1 -1 1 -1 1 -1 1 1 0 0 -1 1 0 1 -1 1 0 1 -1 -1 1 1 1 -1 -1 1 0 1 -1 1 -1 1 -1 1 -1 1 0 0 0 0 0 0 0 0 0 0 0 0 0
  0 0 0 0 0 0 0 0 0 0 0 0 0 0)1(NIL "full-conn-0.75-0" 2 1 250 "full-conn-0.25-0" 2 1 250)
#(0 0 1 -1 0 0 0 0 0 0 0 0 1 -1 1 -1 1 0 0 -1 1 -1 1 -1 1 -1 0 0 -1 1 0 1 0 0 0 0 0 0 0 1 1 -1 0 0 0 0 0 0 0 0 0 0 0 0 0 0 0 0 0 0 0 0 0 0 0 0 0 0 0 0
  0 0 0 0 0 0 0 0 0 0 0)1(NIL "full-conn-0.75-0" 2 1 250 "full-conn-0.25-0" 2 1 250)
#(0 0 0 0 0 0 0 0 0 0 0 0 1 -1 1 -1 1 0 0 -1 1 -1 1 -1 1 -1 0 0 -1 0 0 0 0 0 0 0 0 0 0 1 1 -1 0 0 0 0 0 0 0 0 0 0 0 0 0 0 0 0 0 0 0 0 0 0 0 0 0 0 0 0
  0 0 0 0 0 0 0 0 0 0 0)1(NIL "full-conn-0.75-0" 2 1 250 "full-conn-0.25-0" 2 1 250)
#(0 0 1 0 1 0 1 0 1 -1 1 0 1 0 1 0 1 -1 1 -1 1 -1 1 -1 1 1 0 0 -1 1 0 1 -1 1 0 1 -1 -1 1 1 1 -1 -1 1 0 0 -1 1 0 1 -1 1 -1 1 -1 1 -1 1 0 0 0 0 0 0 0 0
  0 0 0 0 0 0 0 0 0 0 0 0 0 0 0)1(NIL "full-conn-0.75-0" 2 1 250 "full-conn-0.25-0" 2 1 250)
#(0 0 1 0 1 0 1 0 1 -1 1 0 1 0 1 0 1 -1 1 -1 1 -1 1 0 1 1 0 0 -1 1 0 1 1 1 0 1 -1 -1 1 1 1 -1 0 1 0 0 -1 1 0 1 0 1 0 1 -1 1 -1 1 -1 1 1 0 1 -1 1 -1 1
  -1 1 -1 1 0 0 0 0 0 0 0 0 0 0)1(NIL "full-conn-0.75-0" 2 1 250 "full-conn-0.25-0" 2 1 250)
#(0 0 1 0 1 0 1 0 1 -1 1 0 1 0 1 0 1 -1 1 -1 1 -1 1 -1 1 -1 -1 0 -1 1 0 1 -1 1 -1 1 -1 -1 1 1 1 -1 -1 0 0 0 0 0 0 0 0 0 0 0 0 0 0 0 0 0 0 0 0 0 0 0 0
  0 0 0 0 0 0 0 0 0 0 0 0 0 0)1(NIL "full-conn-0.75-0" 2 1 250 "full-conn-0.25-0" 2 1 250)
#(0 0 1 0 1 0 1 0 1 -1 1 0 1 0 1 0 1 -1 1 -1 1 -1 1 0 1 1 0 0 -1 1 0 1 1 1 0 1 -1 -1 1 1 1 -1 0 1 0 0 -1 1 0 1 0 1 -1 1 -1 1 -1 1 -1 1 1 -1 0 0 0 0 0
  0 0 0 0 0 0 0 0 0 0 0 0 0 0)1(NIL "full-conn-0.75-0" 2 1 250 "full-conn-0.25-0" 2 1 250)
#(0 0 1 0 0 0 0 0 0 0 0 0 1 -1 1 -1 1 0 0 -1 1 -1 1 -1 1 -1 0 0 -1 1 0 1 0 0 0 0 0 0 0 1 1 -1 0 0 0 0 0 0 0 0 0 0 0 0 0 0 0 0 0 0 0 0 0 0 0 0 0 0 0 0
  0 0 0 0 0 0 0 0 0 0 0)1(NIL "full-conn-0.75-0" 2 1 250 "full-conn-0.25-0" 2 1 250)
#(0 0 0 0 0 0 0 0 0 0 0 0 1 -1 1 -1 0 0 0 0 0 0 0 0 0 -1 0 0 0 0 0 0 0 0 0 0 0 0 0 1 1 -1 0 0 0 0 0 0 0 0 0 0 0 0 0 0 0 0 0 0 0 0 0 0 0 0 0 0 0 0 0 0
  0 0 0 0 0 0 0 0 0)1(NIL "full-conn-0.75-0" 2 1 250 "full-conn-0.25-0" 2 1 250)
#(0 0 1 0 1 0 1 0 1 -1 1 0 1 0 1 0 1 -1 1 -1 1 -1 1 -1 1 1 0 0 -1 1 0 1 -1 1 0 1 -1 -1 1 1 1 -1 -1 1 -1 1 -1 1 -1 0 0 0 0 0 0 0 0 0 0 0 0 0 0 0 0 0 0
  0 0 0 0 0 0 0 0 0 0 0 0 0 0)1(NIL "full-conn-0.75-0" 2 1 250 "full-conn-0.25-0" 2 1 250)
#(0 0 1 0 1 0 1 0 1 -1 1 0 1 0 1 0 1 -1 1 -1 1 -1 1 0 1 1 0 0 -1 1 0 1 1 1 0 1 -1 -1 1 1 1 -1 0 1 0 0 -1 1 0 1 0 1 -1 1 -1 1 -1 1 -1 1 1 -1 1 -1 1 -1
  1 -1 0 0 0 0 0 0 0 0 0 0 0 0 0)1(NIL "full-conn-0.75-0" 2 1 250 "full-conn-0.25-0" 2 1 250)
#(0 0 0 0 0 0 0 0 0 0 0 0 0 0 0 0 0 0 0 0 0 0 0 0 0 0 0 0 0 0 0 0 0 0 0 0 0 0 0 1 1 -1 0 0 0 0 0 0 0 0 0 0 0 0 0 0 0 0 0 0 0 0 0 0 0 0 0 0 0 0 0 0 0 0
  0 0 0 0 0 0 0)1(NIL "full-conn-0.75-0" 2 1 250 "full-conn-0.25-0" 2 1 250)
#(0 0 0 0 0 0 0 0 0 0 0 0 1 -1 1 -1 0 0 0 0 0 0 0 0 0 -1 0 0 0 0 0 0 0 0 0 0 0 0 0 1 1 -1 0 0 0 0 0 0 0 0 0 0 0 0 0 0 0 0 0 0 0 0 0 0 0 0 0 0 0 0 0 0
  0 0 0 0 0 0 0 0 0)1(NIL "small-conv-1-0" 2 1 250 "small-conv-0.5-0" 2 1 250)
#(0 0 1 0 1 0 1 0 1 -1 1 0 1 0 1 0 1 -1 1 -1 1 -1 1 -1 1 -1 -1 1 0 1 0 1 -1 1 -1 -1 1 1 1 1 1 -1 -1 0 -1 1 0 1 0 1 -1 0 -1 0 0 1 -1 1 -1 1 -1 1 -1 1
  -1 0 0 0 0 0 0 0 0 0 0 0 0 0 0 0 0)1(NIL "small-conv-1-0" 2 1 250 "small-conv-0.5-0" 2 1 250)
#(0 0 1 0 1 0 1 0 1 -1 1 0 1 0 1 0 1 0 1 -1 1 -1 1 -1 1 0 -1 0 -1 1 0 1 -1 1 1 0 -1 1 0 1 1 -1 -1 -1 1 1 1 1 0 -1 0 -1 0 0 0 0 0 0 0 0 0 0 0 0 0 0 0 0
  0 0 0 0 0 0 0 0 0 0 0 0 0)1(NIL "small-conv-1-0" 2 1 250 "small-conv-0.5-0" 2 1 250)
#(0 0 1 0 1 0 1 0 1 -1 1 0 1 0 1 0 1 -1 1 -1 1 -1 1 -1 1 -1 -1 1 0 1 0 1 -1 1 -1 -1 1 1 1 1 1 -1 -1 0 -1 1 0 1 0 1 -1 0 -1 0 0 1 -1 1 0 1 -1 0 -1 1 -1
  -1 0 1 1 0 -1 0 1 0 0 -1 0 1 0 0 0)1(NIL "small-conv-1-0" 2 1 250 "small-conv-0.5-0" 2 1 250)
#(0 0 1 0 1 0 1 0 1 -1 1 0 1 0 1 0 1 -1 1 -1 1 -1 1 -1 1 -1 -1 0 -1 1 0 1 -1 1 1 -1 -1 1 -1 1 1 -1 -1 0 0 1 0 0 0 0 0 0 0 0 0 0 0 0 0 0 0 0 0 0 0 0 0
  0 0 0 0 0 0 0 0 0 0 0 0 0 0)1(NIL "small-conv-1-0" 2 1 250 "small-conv-0.5-0" 2 1 250)
#(0 0 0 0 0 0 0 0 0 0 0 0 1 -1 1 -1 1 0 0 -1 1 -1 1 -1 1 -1 0 0 -1 0 0 0 0 0 0 0 0 0 0 1 1 -1 0 0 0 0 0 0 0 0 0 0 0 0 0 0 0 0 0 0 0 0 0 0 0 0 0 0 0 0
  0 0 0 0 0 0 0 0 0 0 0)1(NIL "small-conv-1-0" 2 1 250 "small-conv-0.5-0" 2 1 250)
#(0 0 1 0 1 0 1 0 1 -1 1 0 1 0 1 0 1 0 1 -1 1 -1 1 -1 1 0 -1 0 -1 1 0 1 -1 1 1 0 -1 1 0 1 1 -1 -1 -1 1 1 1 1 1 -1 0 -1 -1 1 1 -1 1 0 -1 -1 1 -1 0 -1 0
  0 0 0 0 0 0 0 0 0 0 0 0 0 0 0 0)1(NIL "small-conv-1-0" 2 1 250 "small-conv-0.5-0" 2 1 250)
#(0 0 1 0 1 0 1 0 1 -1 1 0 1 0 1 0 1 0 1 -1 1 -1 1 -1 1 0 -1 0 -1 1 0 1 -1 1 1 0 -1 1 0 1 1 -1 -1 -1 1 1 1 1 1 -1 0 -1 -1 1 1 -1 1 0 -1 -1 1 -1 0 -1 0
  0 0 0 0 0 0 0 0 0 0 0 0 0 0 0 0)1(NIL "small-conv-1-0" 2 1 250 "small-conv-0.5-0" 2 1 250)
#(0 0 1 0 1 0 1 0 1 -1 1 0 1 0 1 0 1 -1 1 -1 1 -1 1 -1 1 1 0 0 -1 1 0 1 -1 1 0 1 -1 0 -1 1 1 -1 -1 1 1 0 -1 -1 -1 0 1 -1 -1 -1 0 -1 1 1 1 0 -1 1 0 -1
  0 0 0 0 0 0 0 0 0 0 0 0 0 0 0 0 0)1(NIL "small-conv-1-0" 2 1 250 "small-conv-0.5-0" 2 1 250)
#(0 0 0 0 0 0 0 0 0 0 0 0 1 -1 1 -1 1 0 0 -1 1 0 1 -1 1 -1 0 0 -1 1 0 1 0 0 0 0 0 0 0 1 1 -1 0 0 0 0 0 0 0 0 0 0 0 0 0 0 0 0 0 0 0 0 0 0 0 0 0 0 0 0 0
  0 0 0 0 0 0 0 0 0 0)1(NIL "small-conv-1-0" 2 1 250 "small-conv-0.5-0" 2 1 250)
#(0 0 1 0 1 0 1 0 1 -1 1 0 1 0 1 0 1 -1 0 -1 1 -1 1 -1 1 -1 0 0 -1 1 0 1 0 0 0 0 0 0 0 1 1 -1 0 0 0 0 0 0 0 0 0 0 0 0 0 0 0 0 0 0 0 0 0 0 0 0 0 0 0 0
  0 0 0 0 0 0 0 0 0 0 0)1(NIL "small-conv-1-0" 2 1 250 "small-conv-0.5-0" 2 1 250)
#(0 0 1 0 1 0 1 0 1 -1 1 0 1 0 1 0 1 -1 1 -1 1 -1 1 -1 1 -1 -1 0 -1 1 0 1 -1 1 -1 1 -1 1 -1 1 1 -1 -1 0 0 0 0 0 0 0 0 0 0 0 0 0 0 0 0 0 0 0 0 0 0 0 0
  0 0 0 0 0 0 0 0 0 0 0 0 0 0)1(NIL "small-conv-1-0" 2 1 250 "small-conv-0.5-0" 2 1 250)
#(0 0 1 0 1 0 1 0 1 -1 1 0 1 0 1 0 1 -1 0 -1 1 0 1 0 1 1 0 -1 -1 1 -1 0 1 0 1 1 0 -1 -1 1 1 0 1 0 1 -1 1 -1 1 -1 1 -1 1 -1 1 1 -1 0 0 -1 0 0 0 0 0 0 0
  0 0 0 0 0 0 0 0 0 0 0 0 0 0)1(NIL "small-conv-1-0" 2 1 250 "small-conv-0.5-0" 2 1 250)
#(0 0 0 0 0 0 0 0 0 0 0 0 0 0 0 0 0 0 0 0 0 0 0 0 0 0 0 0 0 0 0 0 0 0 0 0 0 0 0 1 1 -1 0 0 0 0 0 0 0 0 0 0 0 0 0 0 0 0 0 0 0 0 0 0 0 0 0 0 0 0 0 0 0 0
  0 0 0 0 0 0 0)1(NIL "small-conv-1-0" 2 1 250 "small-conv-0.5-0" 2 1 250)
#(0 0 0 0 0 0 0 0 0 0 0 -1 1 -1 1 -1 1 0 0 -1 1 0 1 -1 1 -1 0 0 0 0 0 0 0 0 0 0 0 0 0 1 1 -1 0 0 0 0 0 0 0 0 0 0 0 0 0 0 0 0 0 0 0 0 0 0 0 0 0 0 0 0 0
  0 0 0 0 0 0 0 0 0 0)1(NIL "small-conv-1-0" 2 1 250 "small-conv-0.5-0" 2 1 250)
#(0 0 0 0 0 0 0 0 0 0 0 -1 1 -1 1 -1 1 0 0 -1 1 0 1 -1 0 -1 0 0 0 0 0 0 0 0 0 0 0 0 0 1 1 -1 0 0 0 0 0 0 0 0 0 0 0 0 0 0 0 0 0 0 0 0 0 0 0 0 0 0 0 0 0
  0 0 0 0 0 0 0 0 0 0)1(NIL "small-conv-1-0" 2 1 250 "small-conv-0.5-0" 2 1 250)
#(0 0 1 0 1 0 1 0 1 -1 1 0 1 0 1 0 1 0 1 -1 1 -1 1 -1 1 1 -1 0 -1 1 0 1 -1 1 0 1 -1 1 0 1 1 -1 -1 1 1 -1 1 1 -1 1 -1 -1 -1 1 -1 1 0 0 -1 1 -1 -1 0 1
  -1 1 -1 1 0 0 0 0 0 0 0 0 0 0 0 0 0)1(NIL "small-conv-1-0" 2 1 250 "small-conv-0.5-0" 2 1 250)
#(0 0 1 0 1 0 1 0 1 -1 1 0 1 0 1 0 1 -1 1 -1 1 -1 1 -1 1 -1 -1 1 -1 1 0 1 0 0 0 0 0 0 0 1 1 -1 0 0 0 0 0 0 0 0 0 0 0 0 0 0 0 0 0 0 0 0 0 0 0 0 0 0 0 0
  0 0 0 0 0 0 0 0 0 0 0)1(NIL "small-conv-1-0" 2 1 250 "small-conv-0.5-0" 2 1 250)
#(0 0 0 0 0 0 0 0 0 0 0 0 0 0 0 0 0 0 0 0 0 0 0 0 0 0 0 0 0 0 0 0 0 0 0 0 0 0 0 1 0 -1 0 0 0 0 0 0 0 0 0 0 0 0 0 0 0 0 0 0 0 0 0 0 0 0 0 0 0 0 0 0 0 0
  0 0 0 0 0 0 0)1(NIL "small-conv-1-0" 2 1 250 "small-conv-0.5-0" 2 1 250)
#(0 0 1 0 1 0 1 0 1 -1 1 0 1 0 1 0 1 -1 1 -1 1 -1 1 -1 1 -1 -1 0 -1 1 0 1 0 0 0 0 0 0 0 1 1 -1 0 0 0 0 0 0 0 0 0 0 0 0 0 0 0 0 0 0 0 0 0 0 0 0 0 0 0 0
  0 0 0 0 0 0 0 0 0 0 0)1(NIL "small-conv-1-0" 2 1 250 "small-conv-0.5-0" 2 1 250)
#(0 0 0 0 0 0 0 0 0 0 0 0 1 -1 1 -1 1 0 0 -1 1 -1 1 0 0 -1 0 0 0 0 0 0 0 0 0 0 0 0 0 1 1 -1 0 0 0 0 0 0 0 0 0 0 0 0 0 0 0 0 0 0 0 0 0 0 0 0 0 0 0 0 0
  0 0 0 0 0 0 0 0 0 0)1(NIL "small-conv-1-0" 2 1 250 "small-conv-0.5-0" 2 1 250)
#(0 1 1 0 1 0 1 0 1 -1 1 0 1 0 1 0 1 -1 0 -1 1 -1 1 -1 1 -1 -1 -1 -1 1 0 1 -1 1 -1 1 0 -1 -1 1 1 -1 1 -1 1 -1 1 -1 0 0 -1 1 -1 0 1 0 0 0 0 0 0 0 0 0 0
  0 0 0 0 0 0 0 0 0 0 0 0 0 0 0 0)1(NIL "small-conv-1-0" 2 1 250 "small-conv-0.5-0" 2 1 250)
#(0 1 1 0 1 0 1 0 1 -1 1 0 1 0 1 0 1 -1 0 -1 1 -1 1 -1 1 -1 -1 -1 -1 1 0 1 -1 1 -1 0 0 -1 -1 1 1 -1 1 -1 0 -1 1 -1 1 0 -1 1 -1 -1 1 1 -1 -1 -1 1 1 -1
  -1 -1 1 1 1 1 0 -1 1 -1 0 0 -1 1 0 -1 0 1 0)1(NIL "small-conv-1-0" 2 1 250 "small-conv-0.5-0" 2 1 250)
#(0 1 1 0 1 0 1 0 1 -1 1 0 1 0 1 0 1 -1 0 -1 1 -1 1 -1 1 -1 -1 -1 -1 1 0 1 -1 1 -1 0 0 -1 -1 1 1 -1 1 -1 0 -1 1 -1 1 0 -1 1 -1 -1 1 1 -1 -1 -1 1 1 -1
  -1 -1 1 1 1 1 0 -1 1 0 0 0 -1 0 0 -1 0 0 0)1(NIL "small-conv-1-0" 2 1 250 "small-conv-0.5-0" 2 1 250)
#(0 0 0 0 0 0 0 0 0 0 0 0 0 0 0 0 0 0 0 0 0 0 0 0 0 0 0 0 0 0 0 0 0 0 0 0 0 0 0 1 1 -1 0 0 0 0 0 0 0 0 0 0 0 0 0 0 0 0 0 0 0 0 0 0 0 0 0 0 0 0 0 0 0 0
  0 0 0 0 0 0 0)1(NIL "small-conv-1-0" 2 1 250 "small-conv-0.5-0" 2 1 250)
#(0 0 1 0 1 0 1 0 1 -1 1 0 1 0 1 0 1 -1 1 -1 1 -1 1 -1 1 -1 -1 1 -1 1 0 1 0 0 0 0 0 0 0 1 1 -1 0 0 0 0 0 0 0 0 0 0 0 0 0 0 0 0 0 0 0 0 0 0 0 0 0 0 0 0
  0 0 0 0 0 0 0 0 0 0 0)1(NIL "small-conv-1-0" 2 1 250 "small-conv-0.5-0" 2 1 250)
#(0 0 1 0 1 0 1 0 1 -1 1 0 1 0 1 0 1 -1 1 -1 1 -1 1 -1 1 -1 -1 1 -1 1 0 1 0 0 0 0 0 0 0 1 1 -1 0 0 0 0 0 0 0 0 0 0 0 0 0 0 0 0 0 0 0 0 0 0 0 0 0 0 0 0
  0 0 0 0 0 0 0 0 0 0 0)1(NIL "small-conv-1-0" 2 1 250 "small-conv-0.5-0" 2 1 250)
#(0 0 1 0 1 0 1 0 1 -1 1 0 1 0 1 0 1 -1 1 -1 1 -1 1 -1 1 1 0 0 -1 1 0 1 -1 1 0 1 -1 -1 -1 1 1 -1 1 1 0 0 -1 0 -1 1 -1 1 0 1 -1 1 -1 0 -1 -1 1 1 0 -1 1
  0 -1 1 -1 1 0 1 0 0 -1 0 1 0 0 -1 0)1(NIL "small-conv-1-0" 2 1 250 "small-conv-0.5-0" 2 1 250)
#(0 0 1 0 1 0 1 0 1 -1 1 0 1 0 1 0 1 1 1 -1 1 -1 1 0 1 -1 0 0 -1 1 0 1 -1 1 0 1 -1 0 -1 1 1 1 0 1 1 0 -1 1 0 1 0 1 -1 -1 -1 1 1 1 -1 1 -1 0 -1 1 -1 0
  -1 0 0 0 0 0 0 0 0 0 0 0 0 0 0)1(NIL "small-conv-1-0" 2 1 250 "small-conv-0.5-0" 2 1 250)
#(0 0 1 0 1 0 1 0 1 -1 1 0 1 0 1 0 1 1 1 -1 1 -1 1 -1 1 -1 0 0 -1 1 0 1 -1 1 0 1 -1 1 -1 1 1 -1 -1 1 0 0 0 0 0 0 0 0 0 0 0 0 0 0 0 0 0 0 0 0 0 0 0 0 0
  0 0 0 0 0 0 0 0 0 0 0 0)1(NIL "small-conv-1-0" 2 1 250 "small-conv-0.5-0" 2 1 250)
#(0 0 1 0 1 0 1 -1 0 0 0 0 1 0 1 0 1 0 0 -1 1 -1 1 -1 1 -1 0 0 -1 1 0 1 0 0 0 0 0 0 0 1 1 -1 0 0 0 0 0 0 0 0 0 0 0 0 0 0 0 0 0 0 0 0 0 0 0 0 0 0 0 0 0
  0 0 0 0 0 0 0 0 0 0)1(NIL "small-conv-1-0" 2 1 250 "small-conv-0.5-0" 2 1 250)
#(0 0 0 0 0 0 0 0 0 0 0 0 0 0 0 0 0 0 0 0 0 0 0 0 0 0 0 0 0 0 0 0 0 0 0 0 0 0 0 1 1 -1 0 0 0 0 0 0 0 0 0 0 0 0 0 0 0 0 0 0 0 0 0 0 0 0 0 0 0 0 0 0 0 0
  0 0 0 0 0 0 0)1(NIL "small-conv-1-0" 2 1 250 "small-conv-0.5-0" 2 1 250)
#(0 0 1 0 1 0 1 0 1 -1 1 0 1 0 1 0 1 -1 0 -1 1 -1 1 -1 1 1 0 -1 -1 1 0 1 0 1 -1 1 0 -1 -1 1 1 0 1 0 1 -1 1 -1 1 1 0 1 1 -1 1 1 -1 -1 1 1 -1 1 0 0 0 0
  0 0 0 0 0 0 0 0 0 0 0 0 0 0 0)1(NIL "small-conv-1-0" 2 1 250 "small-conv-0.5-0" 2 1 250)
#(0 0 1 0 1 0 1 0 1 -1 1 0 1 0 1 0 1 -1 0 -1 1 -1 1 -1 1 1 0 -1 -1 1 0 1 -1 1 -1 1 0 -1 -1 1 1 0 1 0 1 -1 1 -1 1 1 1 1 1 0 1 1 -1 -1 1 1 -1 1 1 -1 1 1
  -1 1 -1 -1 1 1 -1 -1 0 0 0 -1 1 0 -1)1(NIL "small-conv-1-0" 2 1 250 "small-conv-0.5-0" 2 1 250)
#(0 0 1 0 1 0 1 0 1 -1 1 0 1 0 1 0 1 -1 1 -1 1 -1 1 -1 1 -1 -1 0 -1 1 0 1 -1 1 -1 1 0 -1 -1 1 1 -1 1 -1 1 -1 0 0 0 0 0 0 0 0 0 0 0 0 0 0 0 0 0 0 0 0 0
  0 0 0 0 0 0 0 0 0 0 0 0 0 0)1(NIL "small-conv-1-0" 2 1 250 "small-conv-0.5-0" 2 1 250)
#(0 0 1 0 1 0 0 0 0 0 0 0 1 0 1 -1 1 0 0 -1 1 -1 1 -1 1 -1 0 0 -1 1 0 1 0 0 0 0 0 0 0 1 1 -1 0 0 0 0 0 0 0 0 0 0 0 0 0 0 0 0 0 0 0 0 0 0 0 0 0 0 0 0 0
  0 0 0 0 0 0 0 0 0 0)1(NIL "small-conv-1-0" 2 1 250 "small-conv-0.5-0" 2 1 250)
#(0 0 1 0 1 0 1 0 1 -1 1 0 1 0 1 0 1 1 1 -1 1 -1 1 -1 1 -1 0 0 -1 1 0 1 -1 1 0 1 -1 0 -1 1 1 -1 0 1 0 0 0 0 0 0 0 0 0 0 0 0 0 0 0 0 0 0 0 0 0 0 0 0 0
  0 0 0 0 0 0 0 0 0 0 0 0)1(NIL "small-conv-1-0" 2 1 250 "small-conv-0.5-0" 2 1 250)
#(0 0 1 0 1 0 1 0 1 -1 1 0 1 0 1 0 1 1 1 -1 1 -1 1 -1 1 -1 0 0 -1 1 0 1 -1 1 0 1 -1 -1 -1 1 1 -1 1 1 -1 1 1 -1 -1 1 -1 1 0 0 0 0 0 0 0 0 0 0 0 0 0 0 0
  0 0 0 0 0 0 0 0 0 0 0 0 0 0)1(NIL "small-conv-1-0" 2 1 250 "small-conv-0.5-0" 2 1 250)
#(0 0 1 0 1 0 1 0 1 -1 0 0 1 0 1 0 1 0 0 -1 1 -1 1 -1 1 -1 0 0 -1 1 0 1 0 0 0 0 0 0 0 1 1 -1 0 0 0 0 0 0 0 0 0 0 0 0 0 0 0 0 0 0 0 0 0 0 0 0 0 0 0 0 0
  0 0 0 0 0 0 0 0 0 0)1(NIL "small-conv-1-0" 2 1 250 "small-conv-0.5-0" 2 1 250)
#(0 0 1 0 1 0 1 0 1 -1 1 0 1 0 1 0 1 1 1 -1 1 -1 1 -1 1 -1 0 0 -1 1 0 1 -1 1 0 1 -1 -1 -1 1 1 -1 1 1 0 1 1 -1 -1 1 -1 1 -1 1 -1 1 1 -1 -1 -1 1 -1 1 -1
  1 0 1 1 -1 0 -1 0 0 -1 1 0 0 0 0 0 0)1(NIL "small-conv-1-0" 2 1 250 "small-conv-0.5-0" 2 1 250)
#(0 0 1 0 1 0 0 0 0 0 0 0 1 0 1 -1 1 0 0 -1 1 -1 1 -1 1 -1 0 0 -1 1 0 1 0 0 0 0 0 0 0 1 1 -1 0 0 0 0 0 0 0 0 0 0 0 0 0 0 0 0 0 0 0 0 0 0 0 0 0 0 0 0 0
  0 0 0 0 0 0 0 0 0 0)1(NIL "small-conv-1-0" 2 1 250 "small-conv-0.5-0" 2 1 250)
#(0 0 1 0 1 0 1 0 1 -1 1 0 1 0 1 0 1 0 1 -1 1 -1 1 -1 1 0 -1 0 -1 1 0 1 -1 1 1 0 -1 1 1 1 1 -1 -1 1 0 -1 -1 1 1 -1 -1 1 1 1 -1 -1 1 0 1 -1 1 -1 1 -1 1
  -1 1 0 -1 0 0 0 0 0 0 0 0 0 0 0 0)1(NIL "small-conv-1-0" 2 1 250 "small-conv-0.5-0" 2 1 250)
#(0 0 1 0 1 -1 0 0 0 0 0 0 1 0 1 -1 1 0 0 -1 1 -1 1 -1 1 -1 0 0 -1 1 0 1 0 0 0 0 0 0 0 1 1 -1 0 0 0 0 0 0 0 0 0 0 0 0 0 0 0 0 0 0 0 0 0 0 0 0 0 0 0 0
  0 0 0 0 0 0 0 0 0 0 0)1(NIL "small-conv-1-0" 2 1 250 "small-conv-0.5-0" 2 1 250)
#(0 0 1 0 1 0 1 0 1 -1 1 0 1 0 1 0 1 0 1 -1 1 -1 1 -1 1 0 -1 0 -1 1 0 1 -1 1 1 0 -1 1 1 1 1 -1 -1 1 0 -1 -1 1 1 -1 -1 1 1 1 -1 -1 1 0 1 -1 1 -1 1 -1 1
  -1 1 0 -1 0 0 0 0 0 0 0 0 0 0 0 0)1(NIL "small-conv-1-0" 2 1 250 "small-conv-0.5-0" 2 1 250)
#(0 0 1 0 1 0 1 0 1 -1 1 0 1 0 1 0 1 -1 1 -1 1 -1 1 -1 1 -1 0 0 -1 1 0 1 0 0 0 0 0 0 0 1 1 -1 0 0 0 0 0 0 0 0 0 0 0 0 0 0 0 0 0 0 0 0 0 0 0 0 0 0 0 0
  0 0 0 0 0 0 0 0 0 0 0)1(NIL "small-conv-1-0" 2 1 250 "small-conv-0.5-0" 2 1 250)
#(0 0 1 0 1 0 1 0 1 -1 1 0 1 0 1 0 1 -1 1 -1 1 -1 1 -1 1 1 0 0 -1 1 0 1 -1 1 0 1 -1 -1 1 1 1 -1 -1 1 1 -1 0 -1 -1 1 -1 -1 1 0 -1 1 0 -1 1 1 -1 1 1 0
  -1 -1 -1 1 1 0 -1 1 -1 -1 0 0 0 0 0 0 0)1(NIL "small-conv-1-0" 2 1 250 "small-conv-0.5-0" 2 1 250)
#(0 0 1 0 1 0 1 0 1 -1 1 0 1 0 1 0 1 -1 1 -1 1 -1 1 -1 1 1 0 0 -1 1 0 1 -1 1 0 1 -1 -1 1 1 1 -1 -1 1 1 -1 1 -1 -1 1 -1 -1 1 -1 1 1 0 -1 0 1 -1 0 0 0 0
  0 0 0 0 0 0 0 0 0 0 0 0 0 0 0 0)1(NIL "small-conv-1-0" 2 1 250 "small-conv-0.5-0" 2 1 250)
#(0 0 1 0 1 0 1 0 1 -1 1 0 1 0 1 0 1 -1 1 -1 1 -1 1 -1 1 1 0 0 -1 1 0 1 -1 1 0 1 -1 -1 1 1 1 -1 -1 1 1 -1 1 -1 -1 1 -1 -1 1 -1 1 1 0 -1 0 0 0 0 0 0 0
  0 0 0 0 0 0 0 0 0 0 0 0 0 0 0 0)1(NIL "small-conv-1-0" 2 1 250 "small-conv-0.5-0" 2 1 250)
#(0 0 1 0 1 0 1 0 1 -1 1 0 1 0 1 0 1 -1 1 -1 1 -1 1 -1 1 -1 -1 0 -1 1 0 1 -1 1 -1 1 -1 -1 1 1 1 -1 1 -1 1 -1 1 0 1 -1 -1 1 -1 0 -1 1 1 -1 -1 1 -1 0 -1
  0 0 0 0 0 0 0 0 0 0 0 0 0 0 0 0 0 0)1(NIL "small-conv-1-0" 2 1 250 "small-conv-0.5-0" 2 1 250)
#(0 0 1 0 1 0 1 0 1 -1 1 0 1 0 1 0 1 -1 1 -1 1 -1 1 -1 1 -1 -1 0 -1 1 0 1 0 0 0 0 0 0 0 1 1 0 0 0 0 0 0 0 0 -1 0 0 0 0 0 0 0 0 0 0 0 0 0 0 0 0 0 0 0 0
  0 0 0 0 0 0 0 0 0 0 0)1(NIL "small-conv-1-0" 2 1 250 "small-conv-0.5-0" 2 1 250)
#(0 0 1 0 1 0 1 0 1 -1 1 0 1 0 1 0 1 -1 1 -1 1 -1 1 -1 1 -1 -1 0 -1 1 0 1 -1 1 -1 1 -1 -1 0 1 1 0 0 0 0 0 0 0 0 -1 0 0 0 0 0 0 0 0 0 0 0 0 0 0 0 0 0 0
  0 0 0 0 0 0 0 0 0 0 0 0 0)1(NIL "small-conv-1-0" 2 1 250 "small-conv-0.5-0" 2 1 250)
#(0 0 1 0 1 0 0 0 0 0 0 0 1 0 1 -1 1 0 0 -1 1 -1 1 -1 1 -1 0 0 -1 1 0 1 0 0 0 0 0 0 0 1 1 0 0 0 0 0 0 0 0 -1 0 0 0 0 0 0 0 0 0 0 0 0 0 0 0 0 0 0 0 0 0
  0 0 0 0 0 0 0 0 0 0)1(NIL "small-conv-1-0" 2 1 250 "small-conv-0.5-0" 2 1 250)
#(0 0 1 0 1 0 1 0 -1 1 -1 0 1 0 1 0 1 1 -1 -1 1 -1 1 0 1 0 1 -1 -1 1 0 1 1 -1 1 -1 1 -1 1 1 1 -1 -1 1 0 1 -1 1 -1 1 -1 1 -1 1 1 -1 1 -1 1 -1 1 -1 1 0
  -1 1 0 0 0 0 0 0 0 0 0 0 0 0 0 0 0)-1(NIL "small-conn-1-0" 2 1 250 "small-conn-0.5-0" 2 1 250)
#(0 0 1 0 1 0 1 0 -1 1 -1 0 1 0 1 0 1 1 -1 -1 1 -1 1 0 1 0 1 -1 -1 1 0 1 1 -1 1 -1 1 -1 1 1 1 -1 -1 1 -1 1 0 0 0 0 0 0 0 0 0 0 0 0 0 0 0 0 0 0 0 0 0 0
  0 0 0 0 0 0 0 0 0 0 0 0 0)-1(NIL "small-conn-1-0" 2 1 250 "small-conn-0.5-0" 2 1 250)
#(0 0 0 0 0 0 0 0 0 0 0 0 1 -1 1 -1 1 0 0 -1 1 -1 1 -1 0 -1 0 0 0 0 0 0 0 0 0 0 0 0 0 1 1 -1 0 0 0 0 0 0 0 0 0 0 0 0 0 0 0 0 0 0 0 0 0 0 0 0 0 0 0 0 0
  0 0 0 0 0 0 0 0 0 0)-1(NIL "small-conn-1-0" 2 1 250 "small-conn-0.5-0" 2 1 250)
#(0 0 0 0 0 0 0 0 0 0 0 0 1 -1 1 -1 1 0 0 -1 1 -1 0 0 0 -1 0 0 0 0 0 0 0 0 0 0 0 0 0 1 1 -1 0 0 0 0 0 0 0 0 0 0 0 0 0 0 0 0 0 0 0 0 0 0 0 0 0 0 0 0 0
  0 0 0 0 0 0 0 0 0 0)-1(NIL "small-conn-1-0" 2 1 250 "small-conn-0.5-0" 2 1 250)
