#(0 0 0 0 0 0 0 0 0 0 1 -1 1 -1 1 -1 1 -1 1 0 -1 -1 0 1 -1 1 1 -1 -1 0 -1 1 0 1 0 1 -1 0 -1 0 -1 1 0 1 0 0 -1 1 -1 1 -1 1 -1 1 -1 0 1 0 0 0 -1 0 0 0 0
  0 0 0 0 0 1 0 0 0 0 0 0 0 0 0 0)-1(NIL "CHARLES-0" NIL 1 10 "DIRECT-0" NIL 1 10)
#(0 0 0 0 0 0 0 0 0 0 0 0 0 0 0 0 0 0 0 0 -1 0 0 1 -1 1 0 0 -1 1 -1 1 0 0 0 0 0 0 0 0 0 0 0 0 0 0 0 0 0 0 0 0 0 0 0 0 1 0 0 0 -1 0 0 0 0 0 0 0 0 0 1 0
  0 0 0 0 0 0 0 0 0)-1(NIL "DIRECT-0" NIL 1 10 "CHARLES-0" NIL 1 10)
#(0 0 0 0 0 0 0 0 0 0 -1 0 0 0 0 0 1 1 -1 0 -1 1 -1 1 -1 1 0 0 -1 0 -1 0 1 1 0 1 -1 0 -1 0 -1 1 -1 1 1 -1 -1 -1 1 0 -1 0 -1 -1 -1 1 -1 0 -1 1 1 -1 1
  -1 1 1 -1 -1 1 -1 -1 1 0 1 0 -1 1 0 -1 0 1)-1(NIL "CHARLES-0" T 1 10 "DIRECT-0" T 1 10)
#(0 0 0 0 0 0 0 0 0 0 0 1 0 0 0 0 1 0 0 0 -1 0 0 0 1 0 0 0 0 0 0 0 -1 1 1 0 0 1 -1 -1 1 1 -1 1 0 0 -1 1 -1 1 -1 0 -1 0 0 0 0 0 0 0 0 0 0 0 0 0 0 0 0 0
  0 0 0 0 0 0 0 0 0 0 0)-1(NIL "DIRECT-0" T 1 10 "CHARLES-0" T 1 10)
#(0 0 0 0 0 0 0 0 0 0 0 1 0 0 0 1 1 1 -1 1 -1 -1 -1 1 1 0 -1 0 1 -1 0 1 1 0 -1 -1 1 1 -1 1 0 1 -1 1 0 -1 -1 0 -1 1 -1 0 -1 1 0 -1 -1 -1 -1 1 -1 1 -1 1
  0 -1 0 1 0 0 0 0 0 0 0 0 0 0 0 0 0)-1(NIL "CHARLES-0" T 1 10 "DIRECT-0" T 1 10)
#(0 0 0 0 0 0 0 0 0 0 -1 1 0 0 0 0 0 0 0 -1 0 0 0 0 0 0 0 0 0 0 0 0 0 0 0 0 0 0 0 0 0 0 0 0 0 0 0 0 0 0 0 0 0 0 0 0 0 0 0 0 1 0 0 0 0 0 0 0 0 0 0 0 0
  0 0 0 0 0 0 0 0)1(NIL "DIRECT-0" T 1 10 "CHARLES-0" T 1 10)
#(0 0 0 0 0 0 0 0 0 0 -1 0 0 0 0 0 1 0 0 1 -1 0 0 0 0 0 0 0 0 0 0 -1 -1 1 0 0 0 1 -1 1 -1 0 -1 1 0 0 0 1 -1 1 -1 1 -1 0 0 0 0 0 0 0 1 0 0 0 0 0 0 0 0
  0 0 0 0 0 0 0 0 0 0 0 0)1(NIL "CHARLES-0" T 1 10 "DIRECT-0" T 1 10)
#(0 0 0 0 0 0 0 0 0 0 -1 1 0 0 0 0 0 1 1 -1 -1 1 -1 1 -1 1 -1 1 -1 1 0 -1 1 0 -1 -1 0 1 -1 1 -1 1 1 1 -1 1 -1 -1 -1 0 -1 1 1 -1 1 -1 1 -1 -1 0 1 0 0 0
  0 0 0 0 0 0 0 0 0 0 0 0 0 0 0 0 0)-1(NIL "DIRECT-0" T 1 10 "CHARLES-0" T 1 10)
#(0 1 0 1 -1 1 0 0 -1 0 1 1 -1 -1 0 -1 -1 1 -1 1 -1 -1 1 -1 1 1 1 1 0 1 -1 0 -1 1 -1 0 -1 1 1 1 -1 0 -1 1 1 -1 -1 1 0 1 -1 -1 -1 1 0 1 0 1 -1 1 -1 -1
  1 -1 1 1 -1 -1 1 1 -1 1 -1 1 -1 0 -1 1 0 -1 1)-1(NIL "CHARLES-0" T 1 10 "DIRECT-0" T 1 10)
#(0 0 0 0 0 0 0 0 0 0 1 -1 0 0 0 0 0 1 0 -1 0 0 0 0 1 0 0 0 0 0 0 0 0 -1 1 0 0 1 1 -1 1 -1 -1 0 0 0 1 -1 1 -1 1 -1 1 0 0 -1 0 0 0 0 0 0 0 0 0 0 0 0 0
  0 0 0 0 0 0 0 0 0 0 0 0)-1(NIL "DIRECT-0" T 1 10 "CHARLES-0" T 1 10)
#(0 0 0 0 0 0 0 0 0 0 -1 1 0 0 0 0 0 1 -1 -1 -1 1 -1 1 -1 1 -1 1 0 1 0 -1 1 1 -1 0 1 -1 -1 1 -1 1 0 1 -1 -1 -1 1 -1 1 1 1 -1 0 1 -1 1 -1 1 -1 1 1 -1 1
  -1 1 -1 0 0 0 0 0 0 0 0 0 0 0 0 0 0)-1(NIL "CHARLES-0" T 1 10 "DIRECT-0" T 1 10)
