#(0 0 0 0 0 0 0 0 0 0 0 0 0 0 0 0 0 0 0 0 0 0 0 0 0 0 0 0 0 0 0 0 0 0 0 0 0 0 0 0 0 0 0 0 0 0 0 0 0 0 0 0 0 0 0 0 0 0 0 0 0 0 0 0 0 0 0 0 0 0 0 0 0 0
  0 0 0 0 0 0 0)-1(NIL "charles-0" 16 1 1000 "charles-0" 16 1 1000)
#(0 0 0 0 0 0 0 0 0 0 0 0 0 0 0 0 0 0 0 0 0 0 0 0 0 0 0 0 0 0 0 0 0 0 0 0 0 0 0 0 0 0 0 0 0 0 0 0 0 0 0 0 0 0 0 0 0 0 0 0 0 1 0 0 0 0 0 0 0 0 0 0 0 0
  0 0 0 0 0 0 0)-1(NIL "charles-0" 16 1 1000 "charles-0" 16 1 1000)
#(0 0 0 0 0 0 0 0 0 0 0 0 0 0 0 0 0 0 0 0 0 0 0 0 0 0 0 0 0 0 0 0 0 0 0 0 0 0 0 0 0 0 0 0 0 0 0 0 0 0 0 0 0 0 0 0 0 0 0 0 0 1 0 0 0 0 0 0 0 0 0 0 0 0
  0 0 0 0 0 0 0)-1(NIL "charles-0" 16 1 1000 "charles-0" 16 1 1000)
#(0 0 0 0 0 0 0 0 0 0 0 0 0 0 0 0 0 0 0 0 0 0 0 0 0 0 0 0 0 0 0 0 0 0 0 0 0 0 0 0 0 0 0 0 0 0 0 0 0 0 0 0 0 0 0 0 0 0 0 0 0 1 0 0 0 0 0 0 0 0 0 0 0 0
  0 0 0 0 0 0 0)-1(NIL "charles-0" 16 1 1000 "charles-0" 16 1 1000)
#(0 -1 0 -1 0 -1 1 0 0 0 -1 0 0 1 0 1 1 0 1 0 -1 0 -1 0 -1 0 0 0 0 -1 -1 0 1 0 1 1 -1 -1 1 0 -1 1 1 1 -1 0 0 -1 -1 0 1 1 -1 -1 0 -1 0 0 1 0 -1 1 0 1
  -1 1 1 -1 1 0 -1 1 0 0 1 1 0 1 -1 0 0)-1(NIL "small-conv-0.75-0" 16 2 250 "small-conv-1-0" 16 1 250)
#(0 0 0 -1 0 -1 1 0 0 0 -1 0 0 1 0 1 0 0 1 0 -1 0 -1 0 -1 0 0 0 0 -1 -1 0 1 0 0 1 -1 -1 1 0 -1 1 1 1 -1 0 0 -1 -1 0 1 1 -1 -1 0 -1 0 0 1 0 -1 1 0 1 0
  1 1 -1 1 0 -1 1 0 0 1 1 0 0 -1 0 0)-1(NIL "small-conv-0.75-0" 16 2 250 "small-conv-1-0" 16 1 250)
#(0 0 0 -1 0 0 1 0 0 0 -1 0 0 1 0 1 0 0 0 0 -1 0 -1 0 0 0 0 0 0 -1 -1 0 1 0 0 1 -1 -1 1 0 -1 1 1 1 -1 0 0 -1 -1 0 1 1 -1 0 0 -1 0 0 0 0 -1 1 0 1 0 1 1
  -1 1 0 -1 1 0 0 1 1 0 0 -1 0 0)-1(NIL "small-conv-0.75-0" 16 2 250 "small-conv-1-0" 16 1 250)
#(0 0 0 0 0 0 0 0 0 0 -1 0 0 1 0 1 0 0 0 0 -1 0 -1 0 0 0 0 0 0 -1 -1 0 1 0 0 0 0 -1 1 0 -1 1 1 1 0 0 0 0 -1 0 1 1 0 0 0 -1 0 0 0 0 -1 1 0 0 0 0 1 0 0
  0 -1 0 0 0 0 0 0 0 0 0 0)-1(NIL "small-conv-0.75-0" 16 2 250 "small-conv-1-0" 16 1 250)
#(0 0 0 0 0 -1 0 0 0 0 1 -1 0 -1 -1 -1 1 1 -1 0 -1 0 0 1 0 1 0 0 0 1 1 0 -1 -1 1 0 -1 1 -1 -1 1 -1 0 0 -1 0 1 1 -1 1 1 1 -1 0 1 1 -1 0 0 1 -1 1 -1 1
  -1 0 1 1 0 -1 0 -1 1 1 0 0 1 -1 0 0 0)1(NIL "small-conv-0.75-0" 16 2 251 "small-conv-1-0" 16 2 251)
#(0 0 0 0 0 0 0 0 0 0 1 0 0 -1 -1 -1 1 0 0 0 -1 0 0 1 0 1 0 0 0 0 1 0 0 0 0 0 0 1 0 -1 1 -1 0 0 0 0 0 0 -1 0 0 0 0 0 0 1 0 0 0 1 0 1 0 0 -1 0 0 1 0 -1
  0 0 0 0 0 0 0 0 0 0 0)1(NIL "small-conv-0.75-0" 16 2 251 "small-conv-1-0" 16 2 251)
#(0 -1 -1 -1 0 -1 0 1 0 1 1 -1 0 -1 -1 -1 1 1 -1 0 -1 0 0 1 0 1 -1 0 0 1 1 1 -1 -1 1 0 -1 1 -1 -1 1 -1 0 -1 -1 0 1 1 -1 1 1 1 -1 0 1 1 -1 -1 0 1 -1 1
  -1 1 -1 0 1 1 0 -1 1 -1 1 1 0 1 1 -1 1 0 1)1(NIL "small-conv-0.75-0" 16 2 251 "small-conv-1-0" 16 2 251)
#(0 0 0 0 0 -1 0 0 0 0 1 0 0 -1 -1 -1 1 1 0 0 -1 0 0 1 0 1 0 0 0 0 1 0 0 -1 0 0 -1 1 -1 -1 1 -1 0 0 -1 0 1 1 -1 1 1 0 -1 0 0 1 -1 0 0 1 -1 1 -1 1 -1 0
  1 1 0 -1 0 -1 1 1 0 0 1 -1 0 0 0)1(NIL "small-conv-0.75-0" 16 2 251 "small-conv-1-0" 16 2 251)
