#(0 0 0 0 0 0 0 0 0 0 1 -1 1 -1 1 -1 1 -1 1 0 -1 -1 0 1 -1 1 1 -1 -1 0 -1 1 0 1 0 1 -1 0 -1 0 -1 1 0 1 0 0 -1 1 -1 1 -1 1 -1 1 -1 0 1 0 0 0 -1 0 0 0 0
  0 0 0 0 0 1 0 0 0 0 0 0 0 0 0 0)-1(NIL "CHARLES-0" NIL 1 10 "DIRECT-0" NIL 1 10)
#(0 0 0 0 0 0 0 0 0 0 0 0 0 0 0 0 0 0 0 0 -1 0 0 1 -1 1 0 0 -1 1 -1 1 0 0 0 0 0 0 0 0 0 0 0 0 0 0 0 0 0 0 0 0 0 0 0 0 1 0 0 0 -1 0 0 0 0 0 0 0 0 0 1 0
  0 0 0 0 0 0 0 0 0)-1(NIL "DIRECT-0" NIL 1 10 "CHARLES-0" NIL 1 10)
#(0 0 0 0 0 0 0 0 0 0 -1 0 0 0 0 0 1 1 -1 0 -1 1 -1 1 -1 1 0 0 -1 0 -1 0 1 1 0 1 -1 0 -1 0 -1 1 -1 1 1 -1 -1 -1 1 0 -1 0 -1 -1 -1 1 -1 0 -1 1 1 -1 1
  -1 1 1 -1 -1 1 -1 -1 1 0 1 0 -1 1 0 -1 0 1)-1(NIL "CHARLES-0" T 1 10 "DIRECT-0" T 1 10)
#(0 0 0 0 0 0 0 0 0 0 0 1 0 0 0 0 1 0 0 0 -1 0 0 0 1 0 0 0 0 0 0 0 -1 1 1 0 0 1 -1 -1 1 1 -1 1 0 0 -1 1 -1 1 -1 0 -1 0 0 0 0 0 0 0 0 0 0 0 0 0 0 0 0 0
  0 0 0 0 0 0 0 0 0 0 0)-1(NIL "DIRECT-0" T 1 10 "CHARLES-0" T 1 10)
#(0 0 0 0 0 0 0 0 0 0 0 1 0 0 0 1 1 1 -1 1 -1 -1 -1 1 1 0 -1 0 1 -1 0 1 1 0 -1 -1 1 1 -1 1 0 1 -1 1 0 -1 -1 0 -1 1 -1 0 -1 1 0 -1 -1 -1 -1 1 -1 1 -1 1
  0 -1 0 1 0 0 0 0 0 0 0 0 0 0 0 0 0)-1(NIL "CHARLES-0" T 1 10 "DIRECT-0" T 1 10)
#(0 0 0 0 0 0 0 0 0 0 -1 1 0 0 0 0 0 0 0 -1 0 0 0 0 0 0 0 0 0 0 0 0 0 0 0 0 0 0 0 0 0 0 0 0 0 0 0 0 0 0 0 0 0 0 0 0 0 0 0 0 1 0 0 0 0 0 0 0 0 0 0 0 0
  0 0 0 0 0 0 0 0)1(NIL "DIRECT-0" T 1 10 "CHARLES-0" T 1 10)
#(0 0 0 0 0 0 0 0 0 0 -1 0 0 0 0 0 1 0 0 1 -1 0 0 0 0 0 0 0 0 0 0 -1 -1 1 0 0 0 1 -1 1 -1 0 -1 1 0 0 0 1 -1 1 -1 1 -1 0 0 0 0 0 0 0 1 0 0 0 0 0 0 0 0
  0 0 0 0 0 0 0 0 0 0 0 0)1(NIL "CHARLES-0" T 1 10 "DIRECT-0" T 1 10)
#(0 0 0 0 0 0 0 0 0 0 -1 1 0 0 0 0 0 1 1 -1 -1 1 -1 1 -1 1 -1 1 -1 1 0 -1 1 0 -1 -1 0 1 -1 1 -1 1 1 1 -1 1 -1 -1 -1 0 -1 1 1 -1 1 -1 1 -1 -1 0 1 0 0 0
  0 0 0 0 0 0 0 0 0 0 0 0 0 0 0 0 0)-1(NIL "DIRECT-0" T 1 10 "CHARLES-0" T 1 10)
#(0 1 0 1 -1 1 0 0 -1 0 1 1 -1 -1 0 -1 -1 1 -1 1 -1 -1 1 -1 1 1 1 1 0 1 -1 0 -1 1 -1 0 -1 1 1 1 -1 0 -1 1 1 -1 -1 1 0 1 -1 -1 -1 1 0 1 0 1 -1 1 -1 -1
  1 -1 1 1 -1 -1 1 1 -1 1 -1 1 -1 0 -1 1 0 -1 1)-1(NIL "CHARLES-0" T 1 10 "DIRECT-0" T 1 10)
#(0 0 0 0 0 0 0 0 0 0 1 -1 0 0 0 0 0 1 0 -1 0 0 0 0 1 0 0 0 0 0 0 0 0 -1 1 0 0 1 1 -1 1 -1 -1 0 0 0 1 -1 1 -1 1 -1 1 0 0 -1 0 0 0 0 0 0 0 0 0 0 0 0 0
  0 0 0 0 0 0 0 0 0 0 0 0)-1(NIL "DIRECT-0" T 1 10 "CHARLES-0" T 1 10)
#(0 0 0 0 0 0 0 0 0 0 -1 1 0 0 0 0 0 1 -1 -1 -1 1 -1 1 -1 1 -1 1 0 1 0 -1 1 1 -1 0 1 -1 -1 1 -1 1 0 1 -1 -1 -1 1 -1 1 1 1 -1 0 1 -1 1 -1 1 -1 1 1 -1 1
  -1 1 -1 0 0 0 0 0 0 0 0 0 0 0 0 0 0)-1(NIL "CHARLES-0" T 1 10 "DIRECT-0" T 1 10)
#(0 0 0 0 1 0 0 0 0 0 1 1 0 0 -1 0 0 0 0 0 0 0 0 0 0 0 0 0 0 0 0 -1 0 -1 0 0 0 0 0 0 -1 -1 0 1 0 0 0 -1 1 0 1 -1 0 0 0 -1 1 0 -1 0 0 1 0 0 1 0 1 1 0 0
  -1 0 0 0 0 0 0 0 0 0 0)-1(NIL "SMALL-CONN-0.5-0" T 1 500 "SMALL-CONV-0.25-0" T 1 500)
#(0 -1 0 1 0 0 1 -1 0 -1 1 -1 -1 1 -1 -1 0 -1 0 1 1 1 0 1 -1 -1 -1 1 -1 0 1 -1 1 1 -1 0 1 -1 1 0 1 -1 0 0 0 0 1 1 1 -1 0 0 1 0 0 -1 1 1 -1 -1 1 -1 1
  -1 0 -1 0 0 1 1 -1 0 0 -1 0 1 -1 -1 0 -1 1)-1(NIL "SMALL-CONN-0.75-0" T 1 500 "SMALL-CONV-0.5-0" T 1 500)
#(0 0 0 0 0 0 0 0 0 0 0 0 0 0 0 0 0 0 0 1 0 0 0 0 0 0 0 0 0 1 -1 1 -1 1 0 0 0 -1 1 -1 0 -1 0 0 0 0 1 0 0 1 0 0 0 0 0 0 0 0 0 0 1 0 0 0 -1 0 0 -1 0 0 0
  0 0 0 0 0 0 0 0 0 0)-1(NIL "SMALL-CONV-0.5-0" T 1 500 "SMALL-CONN-0.75-0" T 1 500)
#(0 0 0 0 0 0 0 0 0 0 0 -1 1 0 0 -1 -1 0 0 0 1 0 0 1 0 0 0 0 0 0 0 0 0 0 0 0 0 0 0 0 0 0 0 0 0 0 0 0 0 0 0 0 0 0 0 0
  -1 0 0 0 0 1 0 0 0 1 0 0 0 0 0 0 0 0 0 0 0 0 0 0 0)-1(NIL "FULL-CONV-0.25-0" T 1 1000 "CHARLES-0" T 1 1000)
#(0 0 0 0 0 0 0 0 0 0 0 -1 1 0 0 -1 -1 0 0 0 1 0 0 1 0 0 0 0 -1 1 0 0 0 0 0 0 0 0 0 0 0 0 0 0 0 0 0 0 0 0 0 0 0 0 0 0
  -1 0 0 0 0 1 0 0 0 1 0 0 0 0 0 0 0 0 0 0 0 0 0 0 0)-1(NIL "FULL-CONV-0.25-0" T 1 1000 "CHARLES-0" T 1 1000)
#(0 0 0 0 0 0 0 0 0 0 0 -1 1 0 0 -1 -1 0 0 0 1 0 0 1 0 -1 0 0 -1 1 0 1 0 -1 0 0 0 1 0 -1 1 -1 0 0 0 0 0 1 0 -1 0 0 0
  0 0 0 -1 0 0 0 0 1 0 0 0 1 0 0 0 0 1 1 -1 1 -1 -1 -1 1 0 0 0)-1(NIL "FULL-CONV-0.25-0" T 1 1000 "CHARLES-0" T 1 1000)
#(0 0 0 0 0 0 0 0 0 0 0 -1 1 0 0 -1 -1 0 0 0 1 0 0 1 0 -1 0 0 -1 1 0 1 0 -1 0 0 0 1 0 -1 1 -1 0 0 0 0 0 1 0 -1 0 0 0
  0 0 0 -1 0 0 0 0 1 0 0 0 1 0 0 0 0 1 0 -1 1 0 0 0 0 0 0 0)-1(NIL "FULL-CONV-0.25-0" T 1 1000 "CHARLES-0" T 1 1000)
#(0 0 0 0 0 0 0 0 0 0 -1 1 0 0 1 0 -1 0 0 0 1 1 -1 0 1 0 0 0 0 -1 1 0 -1 1 0 0 0 0 0 0 0 0 0 0 0 0 0 0 0 0 0 0 0 0 0
  0 0 0 0 0 -1 0 0 0 0 0 0 0 0 0 0 0 0 0 0 0 0 0 0 0 0)-1(NIL "FULL-CONV-0.75-0" T 1 1000 "SMALL-CONV-0.75-0" T 1 1000)
#(0 0 0 0 0 0 0 0 0 0 -1 1 0 0 1 0 -1 0 0 0 1 1 -1 0 1 0 0 0 0 -1 1 0 -1 1 0 0 0 0 -1 1 1 -1 0 0 0 0 0 -1 0 1 0 0 0 0
  0 0 0 0 0 0 -1 0 0 0 0 0 0 0 0 0 0 0 0 0 0 0 0 0 0 0 0)-1(NIL "FULL-CONV-0.75-0" T 1 1000 "SMALL-CONV-0.75-0" T 1 1000)
#(0 0 0 0 0 0 0 0 0 0 -1 1 0 0 0 0 -1 0 0 0 1 1 0 0 1 0 0 0 0 0 0 0 0 0 0 0 0 0 0 0 0 0 0 0 0 0 0 0 0 0 0 0 0 0 0 0 0
  0 0 0 -1 0 0 0 0 0 0 0 0 0 0 0 0 0 0 0 0 0 0 0 0)-1(NIL "FULL-CONV-0.75-0" T 1 1000 "SMALL-CONV-0.75-0" T 1 1000)
#(0 0 0 0 0 0 0 0 0 0 -1 1 0 0 1 0 -1 0 0 0 1 1 -1 0 1 0 0 0 0 -1 1 0 -1 1 0 0 0 0 -1 1 1 -1 0 0 0 0 0 -1 0 1 -1 0 0
  0 0 0 0 0 0 0 -1 0 0 0 0 0 0 0 0 0 1 -1 0 0 0 0 0 0 0 0 0)-1(NIL "FULL-CONV-0.75-0" T 1 1000 "SMALL-CONV-0.75-0" T 1 1000)
#(0 0 0 0 0 0 0 0 0 0 0 0 1 1 0 -1 -1 0 0 0 1 0 0 1 -1 0 0 0 1 0 -1 -1 1 -1 1 0 0 -1 0 1 -1 0 0 1 0 0 -1 0 0 0 0 0 0
  0 0 0 1 0 0 0 0 0 0 0 0 0 0 1 0 -1 0 0 0 0 0 0 0 0 0 0 0)-1(NIL "FULL-CONN-0.5-0" T 1 1000 "SMALL-CONV-0.75-0" T 1 1000)
#(0 0 0 0 0 0 0 0 0 0 0 0 1 1 0 -1 -1 0 0 0 1 0 0 1 -1 0 0 0 1 0 -1 -1 1 -1 1 0 0 -1 0 1 -1 0 0 1 0 0 -1 0 0 0 0 0 0
  0 0 0 1 0 0 0 0 0 0 0 0 0 0 1 -1 -1 1 -1 1 0 0 0 0 0 0 0 0)-1(NIL "FULL-CONN-0.5-0" T 1 1000 "SMALL-CONV-0.75-0" T 1 1000)
#(0 0 0 0 0 0 0 0 0 0 0 0 1 1 0 -1 -1 0 0 0 1 0 0 1 -1 0 0 0 1 0 -1 0 0 0 0 0 0 0 0 0 -1 0 0 0 0 0 0 0 0 0 0 0 0 0 0
  0 1 0 0 0 0 0 0 0 0 0 0 0 0 -1 0 0 0 0 0 0 0 0 0 0 0)-1(NIL "FULL-CONN-0.5-0" T 1 1000 "SMALL-CONV-0.75-0" T 1 1000)
#(0 0 0 0 0 0 0 0 0 0 0 0 1 1 0 -1 -1 0 0 0 1 0 0 1 0 0 0 0 0 0 0 0 0 0 0 0 0 0 0 0 -1 0 0 0 0 0 0 0 0 0 0 0 0 0 0 0
  1 0 0 0 0 0 0 0 0 0 0 0 0 -1 0 0 0 0 0 0 0 0 0 0 0)-1(NIL "FULL-CONN-0.5-0" T 1 1000 "SMALL-CONV-0.75-0" T 1 1000)
#(0 0 0 0 0 0 0 0 0 0 1 0 0 0 -1 0 1 0 0 1 1 -1 -1 1 0 1 0 0 0 0 -1 0 -1 0 1 0 0 -1 0 0 -1 0 1 -1 0 0 0 0 0 0 0 0 0 0
  0 0 1 0 0 0 -1 0 0 0 0 -1 0 0 1 0 0 0 0 0 0 0 0 0 0 0 0)-1(NIL "SMALL-CONN-0.25-0" T 1 1000 "SMALL-CONV-0.5-0" T 1 1000)
#(0 0 0 0 0 0 0 0 0 0 1 0 0 0 -1 0 1 0 0 1 1 -1 -1 1 0 0 0 0 0 0 0 0 0 0 0 0 0 0 0 0 0 0 0 0 0 0 0 0 0 0 0 0 0 0 0 0
  1 0 0 0 -1 0 0 0 0 -1 0 0 0 0 0 0 0 0 0 0 0 0 0 0 0)-1(NIL "SMALL-CONN-0.25-0" T 1 1000 "SMALL-CONV-0.5-0" T 1 1000)
#(0 0 0 0 0 0 0 0 0 0 0 0 0 0 0 0 0 0 0 1 0 0 0 0 0 0 0 0 0 0 0 0 0 0 0 0 0 0 0 0 0 0 0 0 0 0 0 0 0 0 0 0 0 0 0 0 0 0
  0 0 -1 0 0 0 0 0 0 0 0 0 0 0 0 0 0 0 0 0 0 0 0)-1(NIL "SMALL-CONN-0.25-0" T 1 1000 "SMALL-CONV-0.5-0" T 1 1000)
#(0 0 0 0 0 0 0 0 0 0 1 0 0 0 -1 0 1 0 0 1 1 -1 -1 1 0 1 0 0 0 0 -1 1 -1 0 1 0 0 -1 0 0 0 0 0 0 0 0 0 0 0 0 0 0 0 0 0
  0 1 0 0 0 -1 0 0 0 0 -1 0 0 0 0 0 0 0 0 0 0 0 0 0 0 0)-1(NIL "SMALL-CONN-0.25-0" T 1 1000 "SMALL-CONV-0.5-0" T 1 1000)
#(0 0 0 0 0 0 0 0 0 0 0 0 0 0 0 0 0 0 0 0 0 0 0 0 0 0 0 0 0 0 0 0 0 0 0 0 0 0 0 0 0 0 0 0 0 0 0 0 0 0 0 0 0 0 0 0 0 0
  0 0 0 0 0 0 0 0 0 0 0 0 0 0 0 0 0 0 0 0 0 0 0)-1(NIL "FULL-CONN-0.5-0" T 1 1000 "SMALL-CONN-1-0" T 1 1000)
#(0 0 0 0 0 0 0 0 0 0 0 -1 -1 0 1 0 0 0 0 1 1 -1 0 -1 0 -1 0 0 0 1 0 1 0 -1 1 0 0 -1 0 1 0 0 -1 1 0 0 -1 0 0 0 0 0 0
  0 0 0 0 0 0 0 0 1 0 0 0 1 0 1 -1 -1 1 1 -1 1 -1 0 -1 0 -1 1 0)-1(NIL "FULL-CONN-0.5-0" T 1 1000 "SMALL-CONN-1-0" T 1 1000)
#(0 0 0 0 0 0 0 0 0 0 0 0 0 0 0 0 0 0 0 0 0 0 0 0 0 0 0 0 0 0 0 0 0 0 0 0 0 0 0 0 0 0 0 0 0 0 0 0 0 0 0 0 0 0 0 0 0 0
  0 0 0 0 0 0 0 0 0 0 0 0 0 0 0 0 0 0 0 0 0 0 0)-1(NIL "FULL-CONN-0.5-0" T 1 1000 "SMALL-CONN-1-0" T 1 1000)
#(0 0 0 0 0 0 0 0 0 0 0 -1 -1 0 1 0 0 0 0 1 0 -1 0 0 0 0 0 0 0 0 0 0 0 0 0 0 0 0 0 0 0 0 0 0 0 0 0 0 0 0 0 0 0 0 0 0
  0 0 0 0 0 1 0 0 0 1 0 0 0 -1 0 0 0 0 0 0 0 0 0 0 0)-1(NIL "FULL-CONN-0.5-0" T 1 1000 "SMALL-CONN-1-0" T 1 1000)
#(0 0 0 0 0 0 0 0 0 0 0 0 0 0 0 0 0 0 0 0 0 0 0 0 0 0 0 0 0 0 0 0 0 0 0 0 0 0 0 0 0 0 0 0 0 0 0 0 0 0 0 0 0 0 0 0 1 0
  0 0 -1 0 0 0 0 0 0 0 0 1 0 0 0 0 0 0 0 0 0 0 0)-1(NIL "FULL-CONN-0.75-0" T 1 1000 "SMALL-CONV-0.5-0" T 1 1000)
#(0 0 0 0 0 0 0 0 0 0 0 0 0 0 0 0 0 0 0 0 0 0 0 0 0 0 0 0 0 0 0 0 0 0 0 0 0 0 0 0 0 0 0 0 0 0 0 0 0 0 0 0 0 0 0 0 1 0
  0 0 -1 0 0 0 0 0 0 0 0 1 0 0 0 0 0 0 0 0 0 0 0)-1(NIL "FULL-CONN-0.75-0" T 1 1000 "SMALL-CONV-0.5-0" T 1 1000)
#(0 0 0 0 0 0 0 0 0 0 1 0 0 0 -1 0 1 0 0 0 -1 1 -1 0 -1 -1 0 0 1 0 0 1 -1 -1 1 0 0 0 0 0 1 0 -1 1 0 0 0 0 0 0 0 0 0 0
  0 0 1 0 0 0 -1 0 0 0 0 0 0 0 0 1 0 0 0 0 0 0 0 0 0 0 0)-1(NIL "FULL-CONN-0.75-0" T 1 1000 "SMALL-CONV-0.5-0" T 1 1000)
#(0 0 0 0 0 0 0 0 0 0 1 0 0 0 -1 0 1 0 0 0 -1 1 -1 0 -1 -1 0 0 1 0 0 1 -1 -1 1 0 0 0 0 0 1 0 -1 1 0 0 0 -1 0 0 0 0 0
  0 0 0 1 0 0 0 -1 0 0 0 0 0 0 0 1 1 -1 1 -1 0 0 0 0 0 0 0 0)-1(NIL "FULL-CONN-0.75-0" T 1 1000 "SMALL-CONV-0.5-0" T 1 1000)
#(0 0 0 0 0 0 0 0 0 0 0 -1 0 1 1 -1 0 0 0 1 1 0 0 -1 0 1 0 0 -1 1 0 -1 0 1 0 0 0 0 -1 1 -1 1 0 0 0 0 0 0 -1 1 -1 0 0
  0 0 0 0 0 0 0 -1 0 0 0 0 0 0 0 0 0 1 -1 1 -1 1 -1 1 0 0 0 0)-1(NIL "FULL-CONN-0.5-0" T 1 1000 "FULL-CONV-0.75-0" T 1 1000)
#(0 0 0 0 0 0 0 0 0 0 0 -1 0 1 1 -1 0 0 0 1 1 0 0 -1 0 1 0 0 -1 1 0 -1 0 1 0 0 0 0 -1 1 -1 1 0 0 0 0 0 0 -1 1 -1 0 0
  0 0 0 0 0 0 0 -1 0 0 0 0 0 0 0 0 0 1 -1 1 -1 1 -1 1 0 0 0 0)-1(NIL "FULL-CONN-0.5-0" T 1 1000 "FULL-CONV-0.75-0" T 1 1000)
#(0 0 0 0 0 0 0 0 0 0 0 -1 0 1 1 -1 0 0 0 1 1 0 0 -1 0 1 0 0 0 0 0 0 0 0 0 0 0 0 0 0 0 0 0 0 0 0 0 0 0 0 0 0 0 0 0 0
  0 0 0 0 -1 0 0 0 0 0 0 0 0 0 0 0 0 0 0 0 0 0 0 0 0)-1(NIL "FULL-CONN-0.5-0" T 1 1000 "FULL-CONV-0.75-0" T 1 1000)
#(0 0 0 0 0 0 0 0 0 0 0 -1 0 1 1 -1 0 0 0 1 1 0 0 -1 0 1 0 0 -1 1 0 -1 0 1 0 0 0 0 -1 1 -1 0 0 0 0 0 0 0 0 0 0 0 0 0
  0 0 0 0 0 0 -1 0 0 0 0 0 0 0 0 0 0 0 0 0 0 0 0 0 0 0 0)-1(NIL "FULL-CONN-0.5-0" T 1 1000 "FULL-CONV-0.75-0" T 1 1000)
#(0 0 0 0 0 0 0 0 0 0 1 0 0 -1 0 -1 1 0 0 0 1 0 1 0 1 0 0 0 0 0 0 0 0 0 0 0 0 0 0 0 0 0 0 0 0 0 0 0 0 0 0 0 0 0 0 0 0
  0 0 0 -1 0 0 0 0 0 0 0 0 0 0 0 0 0 0 0 0 0 0 0 0)-1(NIL "SMALL-CONN-0.75-0" T 1 1000 "SMALL-CONV-0.25-0" T 1 1000)
#(0 0 0 0 0 0 0 0 0 0 1 0 0 -1 0 -1 1 0 0 0 1 0 1 0 1 1 0 0 -1 0 -1 0 1 -1 1 0 0 0 -1 0 -1 1 0 0 0 0 -1 1 0 0 0 0 0 0
  0 0 0 0 0 0 -1 0 1 0 0 0 0 0 -1 1 0 1 -1 0 0 0 0 0 0 0 0)-1(NIL "SMALL-CONN-0.75-0" T 1 1000 "SMALL-CONV-0.25-0" T 1 1000)
#(0 0 0 0 0 0 0 0 0 0 1 0 0 -1 0 -1 1 0 0 0 1 0 1 0 1 1 0 0 -1 0 -1 0 1 -1 0 0 0 0 0 0 0 0 0 0 0 0 0 0 0 0 0 0 0 0 0
  0 0 0 0 0 -1 0 0 0 0 0 0 0 0 0 0 0 0 0 0 0 0 0 0 0 0)-1(NIL "SMALL-CONN-0.75-0" T 1 1000 "SMALL-CONV-0.25-0" T 1 1000)
#(0 0 0 0 0 0 0 0 0 0 1 0 0 -1 0 -1 1 0 0 0 1 0 1 0 1 1 0 0 -1 0 -1 0 1 -1 1 0 0 0 -1 0 -1 1 0 0 0 0 -1 1 0 0 0 0 0 0
  0 0 0 0 0 0 -1 0 1 0 0 0 0 0 -1 1 0 1 -1 0 -1 1 0 0 0 0 0)-1(NIL "SMALL-CONN-0.75-0" T 1 1000 "SMALL-CONV-0.25-0" T 1 1000)
#(0 0 0 0 0 0 0 0 0 0 0 1 0 -1 0 1 0 0 0 0 -1 1 0 -1 0 1 0 0 1 -1 0 1 0 1 -1 0 0 0 0 0 -1 1 0 0 0 0 -1 0 1 1 -1 0 0 0
  0 0 0 0 0 0 0 0 0 0 0 0 0 0 0 1 -1 -1 1 -1 1 0 0 0 0 0 0)-1(NIL "SMALL-CONN-0.75-0" T 1 1000 "FULL-CONV-0.25-0" T 1 1000)
#(0 0 0 0 0 0 0 0 0 0 0 1 0 -1 0 1 0 0 0 0 -1 1 0 -1 0 1 0 0 1 -1 0 1 0 1 -1 0 0 0 0 0 -1 1 0 0 0 0 -1 0 1 1 -1 0 0 0
  0 0 0 0 0 0 0 0 0 0 0 0 0 0 0 1 -1 -1 0 0 0 0 0 0 0 0 0)-1(NIL "SMALL-CONN-0.75-0" T 1 1000 "FULL-CONV-0.25-0" T 1 1000)
#(0 0 0 0 0 0 0 0 0 0 0 1 0 -1 0 1 0 0 0 0 -1 1 0 -1 0 1 0 0 1 -1 0 1 0 1 -1 0 0 0 0 0 -1 1 0 0 0 0 -1 0 1 1 -1 0 0 0
  0 0 0 0 0 0 0 0 0 0 0 0 0 0 0 1 -1 -1 1 -1 1 -1 0 0 0 0 0)-1(NIL "SMALL-CONN-0.75-0" T 1 1000 "FULL-CONV-0.25-0" T 1 1000)
#(0 0 0 0 0 0 0 0 0 0 0 1 0 -1 0 1 0 0 0 0 -1 0 0 0 0 1 0 0 0 0 0 0 0 0 0 0 0 0 0 0 0 0 0 0 0 0 0 0 0 1 0 0 0 0 0 0 0
  0 0 0 0 0 0 0 0 0 0 0 0 0 -1 0 0 0 0 0 0 0 0 0 0)-1(NIL "SMALL-CONN-0.75-0" T 1 1000 "FULL-CONV-0.25-0" T 1 1000)
#(0 0 0 0 0 0 0 0 0 0 0 0 0 0 0 0 0 0 0 0 0 0 0 0 0 0 0 0 0 0 0 0 0 0 0 0 0 0 0 0 0 0 0 0 0 0 0 0 0 0 0 0 0 0 0 0 0 0
  0 0 0 0 0 0 0 0 0 0 0 0 0 0 0 0 0 0 0 0 0 0 0)-1(NIL "FULL-CONV-0.5-0" T 1 1000 "FULL-CONV-1-0" T 1 1000)
#(0 0 0 0 0 0 0 0 0 0 -1 0 -1 0 1 0 1 0 0 0 -1 0 -1 0 1 0 0 0 1 -1 1 0 0 -1 1 0 0 0 -1 1 -1 0 1 -1 0 0 0 1 0 -1 0 0 0
  0 0 0 0 0 0 0 1 0 0 0 0 0 0 0 0 1 -1 1 -1 1 0 0 0 0 0 0 0)-1(NIL "FULL-CONV-0.5-0" T 1 1000 "FULL-CONV-1-0" T 1 1000)
#(0 0 0 0 0 0 0 0 0 0 -1 0 -1 0 1 0 1 0 0 0 -1 0 -1 0 1 0 0 0 1 -1 1 0 0 -1 1 0 0 0 -1 1 -1 0 0 0 0 0 0 0 0 0 0 0 0 0
  0 0 0 0 0 0 1 0 0 0 0 0 0 0 0 0 0 0 0 0 0 0 0 0 0 0 0)-1(NIL "FULL-CONV-0.5-0" T 1 1000 "FULL-CONV-1-0" T 1 1000)
#(0 0 0 0 0 0 0 0 0 0 -1 0 -1 0 1 0 1 0 0 0 -1 0 -1 0 1 0 0 0 1 -1 1 0 0 -1 1 0 0 0 -1 1 -1 0 0 0 0 0 0 0 0 0 0 0 0 0
  0 0 0 0 0 0 1 0 0 0 0 0 0 0 0 0 0 0 0 0 0 0 0 0 0 0 0)-1(NIL "FULL-CONV-0.5-0" T 1 1000 "FULL-CONV-1-0" T 1 1000)
#(0 0 0 0 0 0 0 0 0 0 0 1 -1 0 1 0 0 0 0 -1 1 1 0 -1 0 0 0 0 -1 0 1 -1 1 1 -1 0 0 1 0 -1 0 0 -1 0 0 0 0 0 0 0 0 0 0 0
  0 0 0 0 0 0 1 1 0 0 1 0 1 -1 0 -1 -1 1 -1 1 -1 1 0 0 0 0 0)-1(NIL "SMALL-CONN-0.5-0" T 1 1000 "CHARLES-0" T 1 1000)
#(0 0 0 0 0 0 0 0 0 0 0 1 -1 0 1 0 0 0 0 -1 1 1 0 -1 0 0 0 0 -1 0 1 -1 0 1 -1 0 0 0 0 0 0 0 0 0 0 0 0 0 0 0 0 0 0 0 0
  0 0 0 0 0 1 1 0 0 0 0 0 0 0 -1 0 0 0 0 0 0 0 0 0 0 0)-1(NIL "SMALL-CONN-0.5-0" T 1 1000 "CHARLES-0" T 1 1000)
#(0 0 0 0 0 0 0 0 0 0 0 1 -1 0 1 0 0 0 0 -1 1 1 0 -1 0 0 0 0 -1 0 1 -1 1 1 -1 0 0 1 0 -1 0 0 -1 0 0 0 0 0 0 0 0 0 0 0
  0 0 0 0 0 0 1 1 0 0 1 0 1 -1 0 -1 -1 1 0 0 0 0 0 0 0 0 0)-1(NIL "SMALL-CONN-0.5-0" T 1 1000 "CHARLES-0" T 1 1000)
#(0 0 0 0 0 0 0 0 0 0 0 1 -1 0 1 0 0 0 0 -1 1 1 0 -1 0 0 0 0 -1 0 1 -1 0 1 -1 0 0 0 0 0 0 0 0 0 0 0 0 0 0 0 0 0 0 0 0
  0 0 0 0 0 1 1 0 0 0 0 0 0 0 -1 0 0 0 0 0 0 0 0 0 0 0)-1(NIL "SMALL-CONN-0.5-0" T 1 1000 "CHARLES-0" T 1 1000)
#(0 0 0 0 0 0 0 0 0 0 -1 0 0 0 0 0 0 0 0 0 1 0 0 0 0 0 0 0 0 0 0 0 0 0 0 0 0 0 0 0 0 0 0 0 0 0 0 0 0 0 0 0 0 0 0 0 0
  0 0 0 0 0 0 0 0 0 0 0 0 0 0 0 0 0 0 0 0 0 0 0 0)-1(NIL "CHARLES-0" T 1 1000 "FULL-CONV-0.25-0" T 1 1000)
#(0 0 0 0 0 0 0 0 0 0 0 0 0 0 0 0 0 0 0 0 0 0 0 0 0 0 0 0 0 0 0 0 0 0 0 0 0 0 0 0 0 0 0 0 0 0 0 0 0 0 0 0 0 0 0 0 0 0
  0 0 0 0 0 0 0 0 0 0 0 0 0 0 0 0 0 0 0 0 0 0 0)-1(NIL "CHARLES-0" T 1 1000 "FULL-CONV-0.25-0" T 1 1000)
#(0 0 0 0 0 0 0 0 0 0 -1 0 0 0 0 0 0 0 0 0 1 0 0 0 0 0 0 0 0 0 0 0 0 0 0 0 0 0 0 0 0 0 0 0 0 0 0 0 0 0 0 0 0 0 0 0 0
  0 0 0 0 0 0 0 0 0 0 0 0 0 0 0 0 0 0 0 0 0 0 0 0)-1(NIL "CHARLES-0" T 1 1000 "FULL-CONV-0.25-0" T 1 1000)
#(0 0 0 0 0 0 0 0 0 0 0 0 0 0 0 0 0 0 0 0 1 0 0 0 0 0 0 0 0 0 0 0 0 0 0 0 0 0 0 0 0 0 0 0 0 0 0 0 0 0 0 0 0 0 0 0 0 0
  0 0 0 0 0 0 0 0 0 0 0 0 0 0 0 0 0 0 0 0 0 0 0)-1(NIL "CHARLES-0" T 1 1000 "FULL-CONV-0.25-0" T 1 1000)
#(1 0 -1 0 0 1 0 -1 0 0 0 1 0 -1 0 1 0 0 0 0 -1 1 0 -1 0 1 0 0 -1 0 1 -1 -1 0 1 0 0 0 -1 0 1 0 1 0 0 0 0 -1 0 0 0 0 0
  0 0 0 1 0 0 0 -1 0 0 0 0 1 0 0 1 1 -1 1 -1 -1 0 1 -1 0 1 -1 0)1(NIL "FULL-CONN-1-0" T 1 1000 "CHARLES-0" T 1 1000)
#(0 0 0 0 0 0 0 0 0 0 0 0 0 0 0 0 0 0 0 0 0 0 0 0 0 0 0 0 0 0 0 0 0 0 0 0 0 0 0 0 0 0 0 0 0 0 0 0 0 0 0 0 0 0 0 0 0 0
  0 0 -1 0 0 0 0 1 0 0 0 0 0 0 0 0 0 0 0 0 0 0 0)1(NIL "FULL-CONN-1-0" T 1 1000 "CHARLES-0" T 1 1000)
#(1 0 -1 0 0 1 0 -1 0 0 0 1 1 -1 0 1 0 -1 0 0 -1 1 0 -1 1 1 0 -1 -1 0 1 -1 -1 0 1 0 0 1 -1 0 1 0 1 0 0 0 0 -1 0 0 0 0
  0 0 0 0 1 0 0 0 -1 0 0 0 0 1 0 0 1 1 -1 1 -1 -1 0 1 -1 0 1 -1 0)1(NIL "FULL-CONN-1-0" T 1 1000 "CHARLES-0" T 1 1000)
#(1 0 -1 0 0 1 0 -1 0 0 0 1 1 -1 0 1 0 -1 0 0 -1 1 0 -1 1 1 0 -1 -1 0 1 -1 -1 0 1 -1 0 1 -1 0 1 0 1 0 1 -1 0 -1 0 1
  -1 0 0 -1 0 0 1 0 0 0 -1 0 0 1 0 1 0 0 1 1 -1 1 -1 -1 0 1 -1 0 1 -1 0)1(NIL "FULL-CONN-1-0" T 1 1000 "CHARLES-0" T 1 1000)
#(0 0 0 0 0 0 0 0 0 0 1 0 0 0 1 -1 1 0 0 -1 0 0 -1 0 0 1 0 0 -1 0 0 0 0 0 0 0 0 0 0 0 -1 0 0 0 0 0 0 0 0 0 0 0 0 0 0
  0 0 0 0 0 0 1 0 0 0 0 0 0 0 0 0 0 0 0 0 0 0 0 0 0 0)-1(NIL "FULL-CONN-0.25-0" T 1 1000 "SMALL-CONN-0.5-0" T 1 1000)
#(0 0 0 0 0 0 0 0 0 0 1 0 0 0 1 -1 1 0 0 -1 0 0 -1 0 0 1 0 0 -1 0 0 0 0 0 0 0 0 0 0 0 -1 0 0 0 0 0 0 0 0 0 0 0 0 0 0
  0 0 0 0 0 0 1 0 0 0 0 0 0 0 0 0 0 0 0 0 0 0 0 0 0 0)-1(NIL "FULL-CONN-0.25-0" T 1 1000 "SMALL-CONN-0.5-0" T 1 1000)
#(0 0 0 0 0 0 0 0 0 0 1 0 0 0 1 -1 1 0 0 -1 0 0 -1 0 0 1 0 0 -1 1 -1 0 1 0 0 0 0 -1 1 0 -1 -1 1 -1 0 0 0 1 -1 0 0 0 0
  0 0 0 0 0 0 0 0 1 0 0 0 0 0 0 0 1 1 -1 0 -1 1 -1 1 -1 0 0 0)-1(NIL "FULL-CONN-0.25-0" T 1 1000 "SMALL-CONN-0.5-0" T 1 1000)
#(0 0 0 0 0 0 0 0 0 0 1 0 0 0 0 0 0 0 0 0 0 0 0 0 0 0 0 0 0 0 0 0 0 0 0 0 0 0 0 0 -1 0 0 0 0 0 0 0 0 0 0 0 0 0 0 0 0
  0 0 0 0 1 0 0 0 0 0 0 0 0 0 0 0 0 0 0 0 0 0 0 0)-1(NIL "FULL-CONN-0.25-0" T 1 1000 "SMALL-CONN-0.5-0" T 1 1000)
#(0 0 0 0 0 0 0 0 0 0 0 -1 0 0 -1 0 1 0 0 1 0 -1 1 1 0 -1 0 0 -1 0 0 1 0 -1 1 0 0 -1 0 0 -1 0 0 0 0 0 0 0 0 0 0 0 0 0
  0 0 1 0 0 0 0 0 0 0 0 0 0 0 0 1 0 0 0 0 0 0 0 0 0 0 0)-1(NIL "FULL-CONN-0.25-0" T 1 1000 "FULL-CONN-1-0" T 1 1000)
#(0 0 0 0 0 0 0 0 0 0 0 -1 0 0 -1 0 1 0 0 1 0 -1 1 1 0 -1 0 0 -1 0 0 1 0 -1 1 0 0 0 0 0 -1 0 0 0 0 0 0 0 0 0 0 0 0 0
  0 0 1 0 0 0 0 0 0 0 0 0 0 0 0 1 0 0 0 0 0 0 0 0 0 0 0)-1(NIL "FULL-CONN-0.25-0" T 1 1000 "FULL-CONN-1-0" T 1 1000)
#(0 0 0 0 0 0 0 0 0 0 0 -1 0 0 -1 0 1 0 0 1 0 -1 1 1 0 -1 0 0 -1 0 0 1 0 -1 1 0 0 -1 1 0 -1 -1 0 0 0 0 1 0 -1 0 0 0 0
  0 0 0 1 0 0 0 0 0 0 0 0 0 0 0 0 1 0 0 0 0 0 0 0 0 0 0 0)-1(NIL "FULL-CONN-0.25-0" T 1 1000 "FULL-CONN-1-0" T 1 1000)
#(0 0 0 0 0 0 0 0 0 0 0 -1 0 0 -1 0 1 0 0 1 0 -1 1 1 0 -1 0 0 -1 0 0 1 0 -1 1 0 0 -1 1 0 -1 -1 0 0 0 0 1 0 -1 0 0 0 0
  0 0 0 1 0 0 0 0 0 0 0 0 0 0 0 0 1 1 0 0 0 0 0 0 0 0 0 0)-1(NIL "FULL-CONN-0.25-0" T 1 1000 "FULL-CONN-1-0" T 1 1000)
#(0 0 0 0 0 0 0 0 0 0 0 0 0 0 0 0 0 0 0 0 0 0 0 0 1 0 0 0 0 0 0 0 0 0 0 0 0 0 0 0 0 0 0 0 0 0 0 0 0 0 0 0 0 0 0 0 0 0
  0 0 0 0 0 0 0 0 0 0 0 0 0 0 0 0 0 0 0 0 0 0 0)-1(NIL "SMALL-CONV-0.5-0" T 1 1000 "FULL-CONN-0.75-0" T 1 1000)
#(0 0 0 0 0 0 0 0 0 0 0 0 0 0 0 0 0 0 0 0 -1 0 0 0 1 0 0 0 0 0 0 0 0 0 0 0 0 0 0 0 0 0 0 0 0 0 0 0 0 0 0 0 0 0 0 0 0
  0 0 0 0 0 0 0 0 0 0 0 0 0 0 0 0 0 0 0 0 0 0 0 0)-1(NIL "SMALL-CONV-0.5-0" T 1 1000 "FULL-CONN-0.75-0" T 1 1000)
#(0 0 0 0 0 0 0 0 0 0 0 0 0 0 0 0 0 0 0 0 0 0 0 0 1 0 0 0 0 0 0 0 0 0 0 0 0 0 0 0 0 0 0 0 0 0 0 0 0 0 0 0 0 0 0 0 0 0
  0 0 0 0 0 0 0 0 0 0 0 0 0 0 0 0 0 0 0 0 0 0 0)-1(NIL "SMALL-CONV-0.5-0" T 1 1000 "FULL-CONN-0.75-0" T 1 1000)
#(0 0 0 0 0 0 0 0 0 0 0 0 0 0 0 0 0 0 0 0 0 0 0 0 1 0 0 0 0 0 0 0 0 0 0 0 0 0 0 0 0 0 0 0 0 0 0 0 0 0 0 0 0 0 0 0 0 0
  0 0 0 0 0 0 0 0 0 0 0 0 0 0 0 0 0 0 0 0 0 0 0)-1(NIL "SMALL-CONV-0.5-0" T 1 1000 "FULL-CONN-0.75-0" T 1 1000)
#(0 0 0 0 0 0 0 0 0 0 -1 0 0 0 0 0 0 0 0 0 1 0 0 0 0 0 0 0 0 0 0 0 0 0 0 0 0 0 0 0 0 0 0 0 0 0 0 0 0 0 0 0 0 0 0 0 0
  0 0 0 0 0 0 0 0 0 0 0 0 0 0 0 0 0 0 0 0 0 0 0 0)-1(NIL "FULL-CONV-0.75-0" T 1 1000 "FULL-CONN-0.5-0" T 1 1000)
#(0 0 0 0 0 0 0 0 0 0 0 0 0 0 0 0 0 0 0 0 0 0 0 0 0 0 0 0 0 0 0 0 0 0 0 0 0 0 0 0 0 0 0 0 0 0 0 0 0 0 0 0 0 0 0 0 0 0
  0 0 0 0 0 0 0 0 0 0 0 0 0 0 0 0 0 0 0 0 0 0 0)-1(NIL "FULL-CONV-0.75-0" T 1 1000 "FULL-CONN-0.5-0" T 1 1000)
#(0 0 0 0 0 0 0 0 0 0 -1 0 0 0 0 0 0 0 0 0 1 0 0 0 0 0 0 0 0 0 0 0 0 0 0 0 0 0 0 0 0 0 0 0 0 0 0 0 0 0 0 0 0 0 0 0 0
  0 0 0 0 0 0 0 0 0 0 0 0 0 0 0 0 0 0 0 0 0 0 0 0)-1(NIL "FULL-CONV-0.75-0" T 1 1000 "FULL-CONN-0.5-0" T 1 1000)
#(0 0 0 0 0 0 0 0 0 0 -1 0 0 0 0 0 0 0 0 0 1 0 0 0 0 0 0 0 0 0 0 0 0 0 0 0 0 0 0 0 0 0 0 0 0 0 0 0 0 0 0 0 0 0 0 0 0
  0 0 0 0 0 0 0 0 0 0 0 0 0 0 0 0 0 0 0 0 0 0 0 0)-1(NIL "FULL-CONV-0.75-0" T 1 1000 "FULL-CONN-0.5-0" T 1 1000)
#(0 0 0 0 0 0 0 0 0 0 0 1 0 0 -1 0 1 0 0 -1 1 0 -1 1 0 0 0 0 1 -1 0 0 0 0 0 0 0 0 0 0 0 0 0 0 0 0 0 0 0 0 0 0 0 0 0 0
  0 0 0 0 0 -1 0 0 0 0 0 0 0 0 1 0 0 0 0 0 0 0 0 0 0)-1(NIL "SMALL-CONN-0.5-0" T 1 1000 "SMALL-CONV-0.25-0" T 1 1000)
#(0 0 0 0 0 0 0 0 0 0 0 0 0 0 0 0 0 0 0 0 0 0 0 0 0 0 0 0 0 0 0 0 0 0 0 0 0 0 0 0 0 0 0 0 0 0 0 0 0 0 0 0 0 0 0 0 0 0
  0 0 0 0 0 0 0 0 0 0 0 0 0 0 0 0 0 0 0 0 0 0 0)-1(NIL "SMALL-CONN-0.5-0" T 1 1000 "SMALL-CONV-0.25-0" T 1 1000)
#(0 0 0 0 0 0 0 0 0 0 0 1 0 0 -1 0 1 0 0 -1 1 0 0 1 0 0 0 0 0 0 0 0 0 0 0 0 0 0 0 0 0 0 0 0 0 0 0 0 0 0 0 0 0 0 0 0 0
  0 0 0 0 -1 0 0 0 0 0 0 0 0 1 0 0 0 0 0 0 0 0 0 0)-1(NIL "SMALL-CONN-0.5-0" T 1 1000 "SMALL-CONV-0.25-0" T 1 1000)
#(0 0 0 0 0 0 0 0 0 0 0 1 0 0 -1 0 1 0 0 -1 1 0 -1 1 0 0 0 0 1 0 1 0 0 -1 -1 0 0 1 1 -1 0 1 -1 0 0 0 0 0 0 0 0 0 0 0
  0 0 0 0 0 0 0 -1 0 0 0 0 1 -1 1 -1 1 1 -1 1 -1 1 -1 1 -1 1 0)-1(NIL "SMALL-CONN-0.5-0" T 1 1000 "SMALL-CONV-0.25-0" T 1 1000)
#(0 0 0 0 0 0 0 0 0 0 -1 0 0 0 0 0 0 0 0 0 0 0 0 0 0 0 0 0 0 0 0 0 0 0 0 0 0 0 0 0 0 0 0 0 0 0 0 0 0 0 0 0 0 0 0 0 0
  0 0 0 1 1 0 0 0 0 0 0 0 0 0 0 0 0 0 0 0 0 0 0 0)-1(NIL "FULL-CONN-1-0" T 1 1000 "SMALL-CONV-0.25-0" T 1 1000)
#(0 0 0 0 0 0 0 0 0 0 -1 0 0 -1 1 0 -1 0 0 0 1 0 0 1 -1 0 0 0 1 -1 1 0 -1 -1 1 0 0 1 0 0 -1 1 -1 0 0 0 0 0 0 0 0 0 0
  0 0 0 0 0 0 0 1 1 0 0 0 0 0 1 -1 1 -1 1 -1 1 -1 1 0 0 0 0 0)-1(NIL "FULL-CONN-1-0" T 1 1000 "SMALL-CONV-0.25-0" T 1 1000)
#(0 0 0 0 0 0 0 0 0 0 -1 0 0 0 1 0 0 0 0 0 0 0 0 0 0 0 0 0 0 0 0 0 0 0 0 0 0 0 0 0 0 0 0 0 0 0 0 0 0 0 0 0 0 0 0 0 0
  0 0 0 1 1 0 0 0 0 0 0 0 0 0 0 0 0 0 0 0 0 0 0 0)-1(NIL "FULL-CONN-1-0" T 1 1000 "SMALL-CONV-0.25-0" T 1 1000)
#(0 0 0 0 0 0 0 0 0 0 -1 0 0 -1 1 0 -1 0 0 0 1 0 0 1 -1 0 0 0 1 -1 1 0 -1 -1 1 0 0 1 0 0 -1 1 -1 0 0 0 0 0 0 0 0 0 0
  0 0 0 0 0 0 0 1 1 0 0 0 0 0 1 -1 1 -1 1 -1 1 -1 1 0 0 0 0 0)-1(NIL "FULL-CONN-1-0" T 1 1000 "SMALL-CONV-0.25-0" T 1 1000)
#(0 -1 1 0 1 0 -1 0 1 0 1 0 0 -1 1 -1 -1 0 0 1 0 0 -1 1 1 1 -1 0 1 -1 1 0 1 1 -1 -1 -1 -1 -1 1 1 1 1 1 -1 0 -1 0 -1 1
  0 0 -1 1 0 -1 -1 0 0 0 -1 0 0 0 0 0 0 1 1 -1 1 -1 1 -1 1 -1 1 -1 0 -1 0)-1(NIL "FULL-CONV-1-0" T 1 1000 "SMALL-CONV-1-0" T 1 1000)
#(0 -1 1 0 1 0 -1 0 1 0 1 0 0 -1 1 -1 -1 0 0 1 0 0 -1 1 1 1 0 0 1 -1 0 0 1 1 -1 0 0 -1 -1 0 1 0 0 1 0 0 -1 0 0 0 0 0
  0 0 0 0 -1 0 0 0 -1 0 0 0 0 0 0 1 1 -1 1 -1 1 -1 1 -1 1 -1 0 -1 0)-1(NIL "FULL-CONV-1-0" T 1 1000 "SMALL-CONV-1-0" T 1 1000)
#(0 0 0 0 0 0 0 0 0 0 1 0 0 0 0 -1 -1 0 0 1 0 0 -1 1 1 1 0 0 1 -1 0 0 1 1 -1 0 0 -1 -1 0 1 0 0 1 0 0 -1 0 0 0 0 0 0 0
  0 0 -1 0 0 0 -1 0 0 0 0 0 0 0 1 -1 1 -1 1 0 0 0 0 0 0 0 0)-1(NIL "FULL-CONV-1-0" T 1 1000 "SMALL-CONV-1-0" T 1 1000)
#(0 -1 1 0 1 0 -1 0 1 0 1 0 0 -1 1 -1 -1 0 0 1 1 1 -1 1 1 1 -1 0 1 -1 1 0 1 1 -1 -1 -1 -1 -1 1 1 1 1 1 -1 0 -1 0 -1 1
  0 0 -1 1 0 -1 -1 0 -1 0 -1 1 0 0 -1 0 0 1 1 -1 1 -1 1 -1 1 -1 1 -1 0 -1 0)-1(NIL "FULL-CONV-1-0" T 1 1000 "SMALL-CONV-1-0" T 1 1000)
#(0 0 0 0 0 0 0 0 0 0 0 0 0 0 0 0 0 0 0 0 1 0 0 0 0 0 0 0 0 0 0 0 0 0 0 0 0 0 0 0 0 0 0 0 0 0 0 0 0 0 0 0 0 0 0 0 0 0
  0 0 0 0 0 0 0 0 0 0 0 0 0 0 0 0 0 0 0 0 0 0 0)-1(NIL "FULL-CONV-0.25-0" T 1 1000 "SMALL-CONN-0.75-0" T 1 1000)
#(0 0 0 0 0 0 0 0 0 0 0 0 0 0 0 0 0 0 0 0 0 0 0 0 0 0 0 0 0 0 0 0 0 0 0 0 0 0 0 0 0 0 0 0 0 0 0 0 0 0 0 0 0 0 0 0 0 0
  0 0 0 0 0 0 0 0 0 0 0 0 0 0 0 0 0 0 0 0 0 0 0)-1(NIL "FULL-CONV-0.25-0" T 1 1000 "SMALL-CONN-0.75-0" T 1 1000)
#(0 0 0 0 0 0 0 0 0 0 0 0 0 0 0 0 0 0 0 0 0 0 0 0 0 0 0 0 0 0 0 0 0 0 0 0 0 0 0 0 0 0 0 0 0 0 0 0 0 0 0 0 0 0 0 0 0 0
  0 0 0 0 0 0 0 0 0 0 0 0 0 0 0 0 0 0 0 0 0 0 0)-1(NIL "FULL-CONV-0.25-0" T 1 1000 "SMALL-CONN-0.75-0" T 1 1000)
#(0 0 0 0 0 0 0 0 0 0 0 0 0 0 0 0 0 0 0 0 0 0 0 0 0 0 0 0 0 0 0 0 0 0 0 0 0 0 0 0 0 0 0 0 0 0 0 0 0 0 0 0 0 0 0 0 0 0
  0 0 0 0 0 0 0 0 0 0 0 0 0 0 0 0 0 0 0 0 0 0 0)-1(NIL "FULL-CONV-0.25-0" T 1 1000 "SMALL-CONN-0.75-0" T 1 1000)
#(0 0 0 0 0 0 0 0 0 0 0 0 0 0 0 0 0 0 0 0 0 0 0 0 0 0 0 0 0 0 0 0 0 0 0 0 0 0 0 0 0 0 0 0 0 0 0 0 0 0 0 0 0 0 0 0 0 0
  0 0 0 0 0 0 0 0 0 0 0 0 0 0 0 0 0 0 0 0 0 0 0)-1(NIL "CHARLES-0" T 1 1000 "SMALL-CONN-0.5-0" T 1 1000)
#(0 0 0 0 0 0 0 0 0 0 -1 0 0 0 0 0 0 0 0 0 1 0 0 0 0 0 0 0 0 0 0 0 0 0 0 0 0 0 0 0 0 0 0 0 0 0 0 0 0 0 0 0 0 0 0 0 0
  0 0 0 0 0 0 0 0 0 0 0 0 0 0 0 0 0 0 0 0 0 0 0 0)-1(NIL "CHARLES-0" T 1 1000 "SMALL-CONN-0.5-0" T 1 1000)
#(0 0 0 0 0 0 0 0 0 0 0 0 0 0 0 0 0 0 0 0 1 0 0 0 0 0 0 0 0 0 0 0 0 0 0 0 0 0 0 0 0 0 0 0 0 0 0 0 0 0 0 0 0 0 0 0 0 0
  0 0 0 0 0 0 0 0 0 0 0 0 0 0 0 0 0 0 0 0 0 0 0)-1(NIL "CHARLES-0" T 1 1000 "SMALL-CONN-0.5-0" T 1 1000)
#(0 0 0 0 0 0 0 0 0 0 0 0 0 0 0 0 0 0 0 0 0 0 0 0 0 0 0 0 0 0 0 0 0 0 0 0 0 0 0 0 0 0 0 0 0 0 0 0 0 0 0 0 0 0 0 0 0 0
  0 0 0 0 0 0 0 0 0 0 0 0 0 0 0 0 0 0 0 0 0 0 0)-1(NIL "CHARLES-0" T 1 1000 "SMALL-CONN-0.5-0" T 1 1000)
#(0 0 0 0 0 0 0 0 0 0 0 0 0 1 -1 0 -1 0 0 0 1 0 1 0 1 -1 0 0 1 0 -1 0 1 0 0 0 0 0 0 0 0 0 0 0 0 0 0 0 0 0 0 0 0 0 0 0
  0 0 0 0 -1 -1 0 0 0 0 0 0 0 1 0 0 0 0 0 0 0 0 0 0 0)-1(NIL "FULL-CONV-0.5-0" T 1 1000 "SMALL-CONV-1-0" T 1 1000)
#(0 0 0 0 0 0 0 0 0 0 0 0 0 1 -1 0 -1 0 0 0 1 0 1 0 1 -1 0 0 1 0 -1 0 1 0 -1 0 0 1 0 -1 1 0 0 -1 0 0 -1 1 0 0 0 0 0 0
  0 0 0 0 0 0 -1 -1 0 0 0 0 0 0 0 1 1 0 0 0 0 0 0 0 0 0 0)-1(NIL "FULL-CONV-0.5-0" T 1 1000 "SMALL-CONV-1-0" T 1 1000)
#(0 0 0 0 0 0 0 0 0 0 0 0 0 1 -1 0 -1 0 0 0 1 0 1 0 1 -1 0 0 1 0 -1 0 1 0 -1 0 0 1 0 -1 1 0 0 -1 0 0 -1 1 0 0 0 0 0 0
  0 0 0 0 0 0 -1 -1 0 0 0 0 0 0 0 1 1 -1 1 -1 1 0 0 0 0 0 0)-1(NIL "FULL-CONV-0.5-0" T 1 1000 "SMALL-CONV-1-0" T 1 1000)
#(1 -1 0 1 -1 0 0 -1 0 1 0 -1 0 1 -1 0 -1 1 0 0 1 0 1 0 1 -1 -1 1 1 0 -1 0 1 1 -1 -1 0 1 -1 -1 1 0 1 -1 0 1 -1 1 -1
  -1 0 0 0 0 0 0 0 0 0 0 -1 -1 0 0 0 0 0 0 -1 1 1 -1 1 -1 1 -1 1 -1 1 0 1)-1(NIL "FULL-CONV-0.5-0" T 1 1000 "SMALL-CONV-1-0" T 1 1000)
#(-1 0 1 0 -1 0 1 0 0 0 0 -1 0 0 -1 0 1 0 0 1 0 -1 0 1 0 -1 0 0 1 1 -1 1 -1 0 0 0 0 0 0 -1 1 -1 1 0 0 0 0 -1 0 0 0 0
  0 0 0 0 0 0 0 0 -1 1 0 0 0 1 0 0 1 0 -1 1 -1 1 0 1 -1 1 -1 0 1)1(NIL "SMALL-CONN-0.75-0" T 1 1000 "CHARLES-0" T 1 1000)
#(0 0 0 0 0 0 0 0 0 0 1 0 0 0 1 0 0 0 0 0 1 0 0 0 0 0 0 0 0 0 0 -1 0 0 0 0 0 0 0 0 0 0 0 0 0 0 0 0 0 0 0 0 0 0 0 0 0
  0 0 0 -1 0 0 0 0 0 0 0 0 0 0 0 0 0 0 0 0 0 0 0 0)-1(NIL "SMALL-CONN-1-0" T 1 1000 "SMALL-CONV-0.75-0" T 1 1000)
#(0 0 0 0 0 0 0 0 0 0 0 -1 0 0 -1 0 1 0 0 1 0 -1 0 0 0 0 0 0 0 0 0 0 0 0 0 0 0 0 0 0 0 0 0 0 0 0 0 0 0 0 0 0 0 0 0 0
  0 0 0 0 -1 1 0 0 0 1 0 0 0 0 0 0 0 0 0 0 0 0 0 0 0)1(NIL "SMALL-CONN-0.75-0" T 1 1000 "CHARLES-0" T 1 1000)
#(0 1 -1 1 0 0 0 -1 0 1 1 0 0 0 1 -1 -1 1 0 1 1 -1 -1 0 1 -1 -1 1 0 1 0 -1 -1 1 0 0 0 1 -1 1 0 -1 -1 1 0 0 0 -1 1 1
  -1 -1 1 -1 0 0 1 0 0 0 -1 0 0 0 0 0 0 -1 0 1 1 -1 1 -1 1 -1 0 -1 1 -1 0)-1(NIL "SMALL-CONN-1-0" T 1 1000 "SMALL-CONV-0.75-0" T 1 1000)
#(-1 0 1 0 -1 0 1 0 0 0 -1 -1 0 0 -1 1 1 0 0 1 0 -1 0 1 0 -1 0 0 1 1 -1 1 -1 0 0 0 0 0 0 -1 1 -1 1 0 0 0 0 -1 0 0 0 0
  0 0 0 0 0 0 0 0 -1 1 0 0 0 1 0 0 1 0 -1 1 -1 1 0 1 -1 1 -1 0 1)1(NIL "SMALL-CONN-0.75-0" T 1 1000 "CHARLES-0" T 1 1000)
#(0 0 0 0 0 0 0 0 0 0 0 0 0 0 0 0 0 0 0 0 0 0 0 0 0 0 0 0 0 0 0 1 0 0 0 0 0 0 0 0 0 0 0 0 0 0 0 0 0 0 0 0 0 0 0 0 0 0
  0 0 0 -1 0 0 0 1 0 0 0 0 0 0 0 0 0 0 0 0 0 0 0)-1(NIL "FULL-CONN-1-0" T 1 1000 "SMALL-CONN-0.75-0" T 1 1000)
#(0 1 -1 1 0 0 0 -1 0 1 1 0 0 0 1 -1 -1 1 0 1 1 -1 -1 0 1 -1 -1 0 0 1 0 -1 -1 1 0 0 0 1 -1 1 0 0 -1 1 0 0 0 -1 0 1 -1
  0 0 0 0 0 0 0 0 0 -1 0 0 0 0 0 0 -1 0 1 1 -1 1 -1 1 -1 0 -1 1 -1 0)-1(NIL "SMALL-CONN-1-0" T 1 1000 "SMALL-CONV-0.75-0" T 1 1000)
#(-1 0 0 0 0 0 0 0 0 0 0 -1 0 0 -1 0 1 0 0 1 0 -1 0 1 0 -1 0 0 1 1 -1 1 -1 0 0 0 0 0 0 -1 1 -1 1 0 0 0 0 -1 0 0 0 0 0
  0 0 0 0 0 0 0 -1 1 0 0 0 1 0 0 1 0 -1 1 -1 1 0 1 -1 1 -1 0 1)1(NIL "SMALL-CONN-0.75-0" T 1 1000 "CHARLES-0" T 1 1000)
#(0 0 0 0 0 0 0 0 0 0 0 0 0 0 0 0 0 0 0 0 0 0 0 0 0 0 0 0 0 0 0 0 0 0 0 0 0 0 0 0 0 0 0 0 0 0 0 0 0 0 0 0 0 0 0 0 0 0
  0 0 0 -1 0 0 0 1 0 0 0 0 0 0 0 0 0 0 0 0 0 0 0)-1(NIL "FULL-CONN-1-0" T 1 1000 "SMALL-CONN-0.75-0" T 1 1000)
#(0 0 0 0 0 0 0 0 0 0 1 0 0 0 1 0 -1 0 0 1 1 -1 -1 0 1 0 0 0 0 1 0 -1 -1 0 0 0 0 1 -1 1 0 0 -1 1 0 0 0 -1 0 1 -1 0 0
  0 0 0 0 0 0 0 -1 0 0 0 0 0 0 0 0 0 1 -1 0 0 0 0 0 0 0 0 0)-1(NIL "SMALL-CONN-1-0" T 1 1000 "SMALL-CONV-0.75-0" T 1 1000)
#(0 0 0 0 0 0 0 0 0 0 1 -1 0 0 0 1 -1 0 0 0 -1 0 0 1 -1 0 0 0 0 0 0 1 0 0 0 0 0 0 0 0 0 0 0 0 0 0 0 0 0 0 0 0 0 0 0 0
  0 0 0 0 0 -1 0 0 0 1 0 0 0 0 0 0 0 0 0 0 0 0 0 0 0)-1(NIL "FULL-CONN-1-0" T 1 1000 "SMALL-CONN-0.75-0" T 1 1000)
#(0 0 0 0 0 0 0 0 0 0 0 0 0 0 0 0 0 0 0 0 0 0 0 0 0 0 0 0 0 0 0 0 0 0 0 0 0 0 0 0 0 0 0 0 0 0 0 0 0 0 0 0 0 0 0 0 0 0
  0 0 0 -1 0 0 0 1 0 0 0 0 0 0 0 0 0 0 0 0 0 0 0)-1(NIL "FULL-CONN-1-0" T 1 1000 "SMALL-CONN-0.75-0" T 1 1000)
#(0 0 0 0 0 0 0 0 0 0 0 0 1 0 0 -1 1 0 0 0 -1 0 1 0 -1 1 0 0 0 -1 1 0 0 -1 1 0 0 0 -1 1 -1 0 1 0 0 0 0 -1 0 -1 0 0 0
  0 0 0 1 0 0 0 0 -1 0 0 0 0 1 1 -1 1 -1 1 0 1 -1 1 -1 0 -1 0 0)-1(NIL "SMALL-CONV-0.25-0" T 1 1000 "CHARLES-0" T 1 1000)
#(-1 0 1 0 -1 0 0 0 0 0 0 0 1 0 0 -1 1 0 0 0 -1 0 1 0 -1 1 0 0 0 -1 1 0 0 -1 1 0 0 0 -1 1 -1 0 1 0 0 0 0 -1 0 -1 0 0
  0 0 0 0 1 0 0 0 0 -1 0 0 0 0 1 1 -1 1 -1 1 0 1 -1 1 -1 0 -1 0 1)-1(NIL "SMALL-CONV-0.25-0" T 1 1000 "CHARLES-0" T 1 1000)
#(0 0 0 0 0 0 0 0 0 0 0 0 1 0 0 -1 1 0 0 0 -1 0 1 0 0 0 0 0 0 0 0 0 0 0 0 0 0 0 0 0 0 0 0 0 0 0 0 0 0 -1 0 0 0 0 0 0
  1 0 0 0 0 -1 0 0 0 0 0 0 0 1 0 0 0 0 0 0 0 0 0 0 0)-1(NIL "SMALL-CONV-0.25-0" T 1 1000 "CHARLES-0" T 1 1000)
#(0 0 0 0 0 0 0 0 0 0 0 0 1 0 0 -1 1 0 0 0 -1 0 1 0 -1 1 0 0 0 -1 1 0 0 0 0 0 0 0 0 0 0 0 0 0 0 0 0 0 0 -1 0 0 0 0 0
  0 1 0 0 0 0 -1 0 0 0 0 0 0 0 1 0 0 0 0 0 0 0 0 0 0 0)-1(NIL "SMALL-CONV-0.25-0" T 1 1000 "CHARLES-0" T 1 1000)
#(0 0 0 0 0 0 0 0 0 0 0 0 1 0 -1 0 0 0 0 -1 -1 1 0 1 0 -1 0 0 1 -1 0 -1 1 0 -1 0 0 1 -1 1 0 0 0 0 0 0 -1 0 0 0 0 0 0
  0 0 0 0 0 0 0 1 0 0 0 0 0 0 0 0 1 0 0 0 0 0 0 0 0 0 0 0)-1(NIL "SMALL-CONN-1-0" T 1 1000 "FULL-CONV-0.75-0" T 1 1000)
#(-1 0 0 1 -1 0 0 1 -1 1 0 0 1 -1 -1 1 0 0 -1 -1 -1 1 0 1 1 -1 0 -1 1 -1 0 -1 1 0 -1 0 1 1 -1 1 -1 1 1 -1 0 1 -1 -1 0
  0 0 0 0 0 0 0 0 0 0 0 1 0 0 0 0 1 0 0 1 1 -1 1 -1 1 0 1 -1 0 -1 0 1)-1(NIL "SMALL-CONN-1-0" T 1 1000 "FULL-CONV-0.75-0" T 1 1000)
#(0 0 0 0 0 0 0 0 0 0 0 0 1 0 -1 0 0 0 0 -1 -1 1 0 0 0 0 0 0 0 0 0 -1 0 0 0 0 0 0 0 0 0 0 0 0 0 0 0 0 0 0 0 0 0 0 0 0
  0 0 0 0 1 0 0 0 0 0 0 0 0 1 0 0 0 0 0 0 0 0 0 0 0)-1(NIL "SMALL-CONN-1-0" T 1 1000 "FULL-CONV-0.75-0" T 1 1000)
#(-1 0 0 1 -1 0 0 1 -1 1 0 0 1 -1 -1 1 0 0 -1 -1 -1 1 0 1 1 -1 0 -1 0 -1 0 -1 1 0 -1 0 0 0 -1 1 -1 1 1 -1 0 0 -1 -1
  -1 1 0 -1 0 1 -1 0 0 0 0 0 1 0 0 0 0 1 0 0 1 1 -1 1 -1 1 0 1 -1 0 -1 0 1)-1(NIL "SMALL-CONN-1-0" T 1 1000 "FULL-CONV-0.75-0" T 1 1000)
#(0 0 0 0 0 0 0 0 0 0 0 1 0 -1 0 -1 1 0 0 0 1 0 0 1 -1 -1 0 0 1 0 1 1 0 -1 0 0 0 1 0 0 0 0 0 0 0 0 0 0 0 0 0 0 0 0 0
  0 -1 0 0 0 0 0 0 0 0 0 0 0 0 0 0 0 0 0 0 0 0 0 0 0 0)1(NIL "SMALL-CONN-0.5-0" T 1 1000 "SMALL-CONN-0.75-0" T 1 1000)
#(0 -1 1 0 -1 0 0 -1 1 -1 0 1 0 -1 0 -1 1 0 0 1 1 0 -1 1 -1 -1 -1 0 1 0 1 1 0 -1 1 0 0 1 -1 1 -1 1 0 -1 1 0 1 0 -1 -1
  0 1 0 0 0 0 -1 0 0 0 0 0 0 0 0 0 0 0 1 -1 1 -1 1 -1 1 -1 1 0 1 0 1)1(NIL "SMALL-CONN-0.5-0" T 1 1000 "SMALL-CONN-0.75-0" T 1 1000)
#(0 0 0 0 0 0 0 0 0 0 0 1 0 -1 0 -1 1 0 0 0 1 0 0 1 -1 -1 0 0 1 0 1 1 0 -1 0 0 0 1 -1 0 0 1 0 -1 0 0 1 0 -1 0 0 0 0 0
  0 0 -1 0 0 0 0 0 0 0 0 0 0 0 0 0 1 -1 1 -1 1 0 0 0 0 0 0)1(NIL "SMALL-CONN-0.5-0" T 1 1000 "SMALL-CONN-0.75-0" T 1 1000)
#(0 0 0 0 0 0 0 0 0 0 0 1 0 -1 0 -1 1 0 0 0 1 0 0 1 -1 -1 0 0 1 0 1 1 0 -1 0 0 0 0 0 0 0 0 0 0 0 0 0 0 0 0 0 0 0 0 0
  0 -1 0 0 0 0 0 0 0 0 0 0 0 0 0 0 0 0 0 0 0 0 0 0 0 0)1(NIL "SMALL-CONN-0.5-0" T 1 1000 "SMALL-CONN-0.75-0" T 1 1000)
#(0 0 0 0 0 0 0 0 0 0 0 0 1 0 -1 0 1 0 0 -1 0 1 -1 0 0 -1 0 0 1 1 0 1 -1 0 1 0 0 -1 1 0 -1 1 0 -1 0 0 0 0 0 0 0 0 0 0
  0 0 -1 0 0 0 0 0 0 0 0 0 1 -1 1 -1 1 1 -1 1 -1 1 -1 1 0 0 0)-1(NIL "FULL-CONN-0.25-0" T 1 1000 "FULL-CONV-0.25-0" T 1 1000)
#(0 0 0 0 0 0 0 0 0 0 0 0 1 0 -1 0 1 0 0 -1 0 1 -1 0 0 -1 0 0 1 1 0 1 -1 0 1 0 0 -1 1 0 0 0 0 0 0 0 0 0 0 0 0 0 0 0 0
  0 -1 0 0 0 0 0 0 0 0 0 0 0 0 0 1 0 0 0 0 0 0 0 0 0 0)-1(NIL "FULL-CONN-0.25-0" T 1 1000 "FULL-CONV-0.25-0" T 1 1000)
#(0 0 0 0 0 0 0 0 0 0 0 0 1 0 -1 0 1 0 0 -1 0 1 -1 0 0 -1 0 0 1 1 0 1 -1 0 1 0 0 0 0 0 0 0 0 0 0 0 0 0 0 0 0 0 0 0 0
  0 -1 0 0 0 0 0 0 0 0 0 0 0 0 0 1 0 0 0 0 0 0 0 0 0 0)-1(NIL "FULL-CONN-0.25-0" T 1 1000 "FULL-CONV-0.25-0" T 1 1000)
#(0 0 0 0 0 0 0 0 0 0 0 0 1 0 -1 0 1 0 0 -1 0 1 -1 0 0 -1 0 0 1 1 0 1 -1 0 1 0 0 -1 1 0 -1 1 0 -1 0 0 0 0 0 0 0 0 0 0
  0 0 -1 0 0 0 0 0 0 0 0 0 1 -1 1 -1 1 1 -1 1 0 0 0 0 0 0 0)-1(NIL "FULL-CONN-0.25-0" T 1 1000 "FULL-CONV-0.25-0" T 1 1000)
#(0 0 0 0 0 0 0 0 0 0 0 0 0 0 0 0 0 0 0 -1 1 0 0 0 0 0 0 0 0 0 0 0 0 0 0 0 0 0 0 0 0 0 0 0 0 0 0 0 0 0 0 0 0 0 0 0 0
  0 0 0 0 0 0 0 0 0 0 0 0 0 0 0 0 0 0 0 0 0 0 0 0)-1(NIL "SMALL-CONV-1-0" T 1 1000 "FULL-CONV-1-0" T 1 1000)
#(0 0 0 0 0 0 0 0 0 0 0 0 0 0 0 0 0 0 0 0 1 0 0 0 0 0 0 0 0 0 0 0 0 0 0 0 0 0 0 0 0 0 0 0 0 0 0 0 0 0 0 0 0 0 0 0 0 0
  0 0 0 0 0 0 0 0 0 0 0 0 0 0 0 0 0 0 0 0 0 0 0)-1(NIL "SMALL-CONV-1-0" T 1 1000 "FULL-CONV-1-0" T 1 1000)
#(0 0 0 0 0 0 0 0 0 0 0 0 0 0 0 0 0 0 0 -1 1 0 0 0 0 0 0 0 0 0 0 0 0 0 0 0 0 0 0 0 0 0 0 0 0 0 0 0 0 0 0 0 0 0 0 0 0
  0 0 0 0 0 0 0 0 0 0 0 0 0 0 0 0 0 0 0 0 0 0 0 0)-1(NIL "SMALL-CONV-1-0" T 1 1000 "FULL-CONV-1-0" T 1 1000)
#(0 0 0 0 0 0 0 0 0 0 0 0 0 0 0 0 0 0 0 -1 1 0 0 0 0 0 0 0 0 0 0 0 0 0 0 0 0 0 0 0 0 0 0 0 0 0 0 0 0 0 0 0 0 0 0 0 0
  0 0 0 0 0 0 0 0 0 0 0 0 0 0 0 0 0 0 0 0 0 0 0 0)-1(NIL "SMALL-CONV-1-0" T 1 1000 "FULL-CONV-1-0" T 1 1000)
#(0 0 0 0 0 0 0 0 0 0 -1 0 0 0 0 0 0 0 0 0 1 0 0 0 0 0 0 0 0 0 0 0 0 0 0 0 0 0 0 0 0 0 0 0 0 0 0 0 0 0 0 0 0 0 0 0 0
  0 0 0 0 0 0 0 0 0 0 0 0 0 0 0 0 0 0 0 0 0 0 0 0)-1(NIL "SMALL-CONN-0.75-0" T 1 1000 "FULL-CONN-1-0" T 1 1000)
#(0 0 0 0 0 0 0 0 0 0 -1 0 0 0 0 0 0 0 0 0 1 0 0 0 0 0 0 0 0 0 0 0 0 0 0 0 0 0 0 0 0 0 0 0 0 0 0 0 0 0 0 0 0 0 0 0 0
  0 0 0 0 0 0 0 0 0 0 0 0 0 0 0 0 0 0 0 0 0 0 0 0)-1(NIL "SMALL-CONN-0.75-0" T 1 1000 "FULL-CONN-1-0" T 1 1000)
#(0 0 0 0 0 0 0 0 0 0 0 0 0 0 0 0 0 0 0 0 0 0 0 0 0 0 0 0 0 0 0 0 0 0 0 0 0 0 0 0 0 0 0 0 0 0 0 0 0 0 0 0 0 0 0 0 0 0
  0 0 0 0 0 0 0 0 0 0 0 0 0 0 0 0 0 0 0 0 0 0 0)-1(NIL "SMALL-CONN-0.75-0" T 1 1000 "FULL-CONN-1-0" T 1 1000)
#(0 0 0 0 0 0 0 0 0 0 0 0 0 0 0 0 0 0 0 0 0 0 0 0 0 0 0 0 0 0 0 0 0 0 0 0 0 0 0 0 0 0 0 0 0 0 0 0 0 0 0 0 0 0 0 0 0 0
  0 0 0 0 0 0 0 0 0 0 0 0 0 0 0 0 0 0 0 0 0 0 0)-1(NIL "SMALL-CONN-0.75-0" T 1 1000 "FULL-CONN-1-0" T 1 1000)
#(0 0 0 0 0 0 0 0 0 0 -1 0 0 0 0 0 0 0 0 0 1 0 0 0 0 0 0 0 0 0 0 0 0 0 0 0 0 0 0 0 0 0 0 0 0 0 0 0 0 0 0 0 0 0 0 0 0
  0 0 0 0 0 0 0 0 0 0 0 0 0 0 0 0 0 0 0 0 0 0 0 0)-1(NIL "SMALL-CONN-0.75-0" T 1 1000 "SMALL-CONN-0.5-0" T 1 1000)
#(0 0 0 0 0 0 0 0 0 0 0 0 0 0 0 0 0 0 0 0 1 0 0 0 0 0 0 0 0 0 0 0 0 0 0 0 0 0 0 0 0 0 0 0 0 0 0 0 0 0 0 0 0 0 0 0 0 0
  0 0 0 0 0 0 0 0 0 0 0 0 0 0 0 0 0 0 0 0 0 0 0)-1(NIL "SMALL-CONN-0.75-0" T 1 1000 "SMALL-CONN-0.5-0" T 1 1000)
#(0 0 0 0 0 0 0 0 0 0 -1 0 0 0 0 0 0 0 0 0 1 0 0 0 0 0 0 0 0 0 0 0 0 0 0 0 0 0 0 0 0 0 0 0 0 0 0 0 0 0 0 0 0 0 0 0 0
  0 0 0 0 0 0 0 0 0 0 0 0 0 0 0 0 0 0 0 0 0 0 0 0)-1(NIL "SMALL-CONN-0.75-0" T 1 1000 "SMALL-CONN-0.5-0" T 1 1000)
#(0 0 0 0 0 0 0 0 0 0 -1 0 0 0 0 0 0 0 0 0 1 0 0 0 0 0 0 0 0 0 0 0 0 0 0 0 0 0 0 0 0 0 0 0 0 0 0 0 0 0 0 0 0 0 0 0 0
  0 0 0 0 0 0 0 0 0 0 0 0 0 0 0 0 0 0 0 0 0 0 0 0)-1(NIL "SMALL-CONN-0.75-0" T 1 1000 "SMALL-CONN-0.5-0" T 1 1000)
#(0 0 0 0 0 0 0 0 0 0 0 -1 0 0 1 -1 0 0 0 1 1 -1 0 0 1 0 0 0 -1 1 0 1 -1 1 -1 0 0 1 0 -1 0 0 0 0 0 0 0 0 0 0 0 0 0 0
  0 0 0 0 0 0 0 0 0 0 0 0 0 0 0 0 -1 0 0 0 0 0 0 0 0 0 0)-1(NIL "FULL-CONN-1-0" T 1 1000 "SMALL-CONN-0.5-0" T 1 1000)
#(1 0 -1 0 1 0 -1 0 0 0 1 -1 0 0 1 -1 -1 0 1 1 1 -1 0 -1 1 1 0 0 -1 1 0 1 -1 1 -1 -1 1 1 0 -1 0 0 1 -1 1 -1 0 -1 -1 1
  -1 1 0 1 0 -1 0 0 0 0 0 0 0 0 0 0 1 0 0 1 -1 -1 1 -1 1 0 1 -1 0 -1 0)-1(NIL "FULL-CONN-1-0" T 1 1000 "SMALL-CONN-0.5-0" T 1 1000)
#(0 0 0 0 0 0 0 0 0 0 0 -1 0 0 0 0 0 0 0 0 1 0 0 0 0 0 0 0 0 0 0 1 0 0 0 0 0 0 0 0 0 0 0 0 0 0 0 0 0 0 0 0 0 0 0 0 0
  0 0 0 0 0 0 0 0 0 0 0 0 0 -1 0 0 0 0 0 0 0 0 0 0)-1(NIL "FULL-CONN-1-0" T 1 1000 "SMALL-CONN-0.5-0" T 1 1000)
#(1 0 -1 -1 1 0 -1 0 -1 0 1 -1 1 0 1 -1 -1 0 1 1 1 -1 1 -1 1 1 0 0 -1 1 0 1 -1 1 -1 -1 1 1 0 -1 0 -1 1 -1 1 -1 0 -1
  -1 1 -1 1 1 1 0 -1 0 0 1 -1 1 0 -1 1 0 1 1 -1 0 1 -1 -1 1 -1 1 0 1 -1 0 -1 0)-1(NIL "FULL-CONN-1-0" T 1 1000 "SMALL-CONN-0.5-0" T 1 1000)
#(-1 0 1 0 -1 0 1 0 0 -1 0 -1 0 1 0 -1 0 0 0 1 1 0 -1 -1 0 1 0 0 0 1 -1 0 1 0 -1 0 0 1 0 -1 1 0 0 -1 0 0 1 0 -1 0 0 0
  0 0 0 0 1 0 0 0 0 0 0 0 0 0 0 1 -1 -1 -1 1 -1 1 1 1 0 1 -1 0 -1)-1(NIL "FULL-CONN-0.25-0" T 1 1000 "CHARLES-0" T 1 1000)
#(-1 0 1 0 -1 0 1 0 1 -1 0 -1 0 1 -1 -1 0 0 1 1 1 -1 -1 -1 0 1 1 0 -1 1 -1 0 1 1 -1 0 0 1 -1 -1 1 0 1 -1 -1 0 1 0 -1
  0 1 0 -1 0 1 0 1 -1 -1 1 0 0 0 0 0 0 0 1 -1 -1 -1 1 -1 1 1 1 0 1 -1 0 -1)-1(NIL "FULL-CONN-0.25-0" T 1 1000 "CHARLES-0" T 1 1000)
#(-1 0 1 1 -1 0 1 -1 1 -1 0 -1 0 1 -1 -1 0 0 1 1 1 -1 -1 -1 0 1 1 0 -1 1 -1 0 1 1 -1 0 0 1 -1 -1 1 0 1 -1 -1 0 1 0 -1
  0 1 0 -1 0 1 0 1 -1 -1 1 0 0 1 0 0 -1 0 1 -1 -1 -1 1 -1 1 1 1 0 1 -1 0 -1)-1(NIL "FULL-CONN-0.25-0" T 1 1000 "CHARLES-0" T 1 1000)
#(0 0 0 0 0 0 0 0 0 0 0 -1 0 1 0 -1 0 0 0 1 1 0 -1 -1 0 1 0 0 0 1 -1 0 1 0 -1 0 0 1 0 -1 1 0 0 0 0 0 0 0 0 0 0 0 0 0
  0 0 1 0 0 0 0 0 0 0 0 0 0 0 0 -1 0 0 0 0 0 0 0 0 0 0 0)-1(NIL "FULL-CONN-0.25-0" T 1 1000 "CHARLES-0" T 1 1000)
