#(-1 -1 0 0 1 1 1 0 1 0 0 -1 0 0 0 -1 -1 0 1 0 -1 1 1 -1 -1 0 1 0 -1 1 0 1 0 1 -1 0 1 1 1 -1 0 1 -1 0 1 0 1 0 0 -1 0 1 -1 0 -1 1 -1 -1 1 -1 1 0 -1 0 0
  1 -1 1 0 0 1 0 -1 -1 0 -1 1 0 0 -1 0)-1(NIL "small-conv-0.75-0" 16 1 250 "small-conv-1-0" 16 1 250)
#(0 0 0 0 0 0 0 0 1 0 0 0 0 0 0 -1 -1 0 0 0 -1 0 0 -1 0 0 0 0 -1 1 0 0 0 0 0 0 0 1 1 -1 0 1 -1 0 0 0 1 0 0 -1 0 0 0 0 0 1 0 0 1 -1 1 0 0 0 0 1 -1 0 0
  0 1 0 0 0 0 0 0 0 0 0 0)-1(NIL "small-conv-0.75-0" 16 1 250 "small-conv-1-0" 16 1 250)
#(0 -1 0 0 0 0 0 0 1 0 0 0 0 0 0 -1 -1 0 0 0 -1 0 0 -1 0 0 0 0 -1 1 0 0 0 0 0 0 0 1 1 -1 0 1 -1 0 0 0 1 0 0 -1 0 0 0 0 0 1 0 0 1 -1 1 0 0 0 0 1 -1 0 0
  0 1 0 0 0 0 0 0 0 0 0 0)-1(NIL "small-conv-0.75-0" 16 1 250 "small-conv-1-0" 16 1 250)
#(0 -1 0 0 1 1 1 0 1 0 0 -1 0 0 0 -1 -1 0 0 0 -1 0 0 -1 -1 0 1 0 -1 1 0 1 0 1 -1 0 0 1 1 -1 0 1 -1 0 0 0 1 0 0 -1 0 1 0 0 0 1 -1 -1 1 -1 1 0 -1 0 0 1
  -1 1 0 0 1 0 0 -1 0 -1 0 0 0 0 0)-1(NIL "small-conv-0.75-0" 16 1 250 "small-conv-1-0" 16 1 250)
#(0 0 0 0 0 0 0 0 0 0 1 0 0 0 0 0 0 0 0 0 0 0 0 0 0 0 0 0 0 0 0 0 0 0 0 0 0 0 0 0 0 0 0 0 0 0 0 0 0 0 0 0 0 0 0 0 0 0 0 0 -1 0 0 0 0 0 0 0 0 1 0 0 0 0
  0 0 0 0 0 0 0)-1(NIL "small-conv-0.75-0" 16 1 251 "small-conv-1-0" 16 1 251)
#(0 0 0 0 0 0 0 0 0 0 1 0 0 0 0 0 0 0 0 0 0 0 0 0 0 0 0 0 0 0 0 0 0 0 0 0 0 0 0 0 0 0 0 0 0 0 0 0 0 0 0 0 0 0 0 0 0 0 0 0 -1 0 0 0 0 0 0 0 0 1 0 0 0 0
  0 0 0 0 0 0 0)-1(NIL "small-conv-0.75-0" 16 1 251 "small-conv-1-0" 16 1 251)
#(0 0 0 0 0 0 0 0 0 0 1 0 0 0 0 0 0 0 0 0 0 0 -1 0 0 0 0 0 0 0 0 0 1 0 0 0 0 0 0 0 -1 0 0 0 0 0 0 0 0 0 0 0 0 0 0 0 1 0 0 0 -1 0 0 0 0 0 0 0 0 1 0 0 0
  0 0 0 0 0 0 0 0)-1(NIL "small-conv-0.75-0" 16 1 251 "small-conv-1-0" 16 1 251)
#(0 0 0 0 0 0 0 0 0 0 1 0 0 0 0 0 0 0 0 0 0 0 0 0 0 0 0 0 0 0 0 0 0 0 0 0 0 0 0 0 -1 0 0 0 0 0 0 0 0 0 0 0 0 0 0 0 1 0 0 0 -1 0 0 0 0 0 0 0 0 1 0 0 0
  0 0 0 0 0 0 0 0)-1(NIL "small-conv-0.75-0" 16 1 251 "small-conv-1-0" 16 1 251)
#(0 0 0 0 0 0 0 0 0 0 0 -1 0 0 0 0 0 0 0 0 0 0 0 0 0 0 0 0 0 1 0 0 0 0 0 0 0 0 -1 1 0 -1 1 0 0 0 0 0 0 0 0 1 0 0 0 0 1 0 0 0 0 0 0 0 -1 -1 0 -1 0 1 0
  0 0 0 0 0 0 0 0 0 0)1(NIL "small-conv-0.75-0" 16 1 252 "small-conv-1-0" 16 1 252)
#(1 0 0 0 1 -1 0 0 1 -1 -1 -1 1 -1 -1 0 0 1 0 0 0 0 -1 -1 1 -1 0 0 1 1 1 -1 1 0 1 0 0 0 -1 1 1 0 1 -1 -1 0 -1 0 1 1 1 1 0 0 1 0 1 0 0 -1 0 -1 1 -1 -1
  -1 0 -1 0 1 1 0 0 1 0 -1 0 0 0 1 -1)1(NIL "small-conv-0.75-0" 16 1 252 "small-conv-1-0" 16 1 252)
#(0 0 0 0 1 0 0 0 0 0 -1 -1 1 -1 -1 0 0 0 0 0 0 0 0 -1 1 0 0 0 1 1 1 -1 1 0 1 0 0 0 -1 1 0 -1 1 -1 0 0 0 0 1 0 1 1 0 0 0 0 1 0 0 -1 0 0 1 -1 -1 -1 0
  -1 0 1 0 0 0 0 0 -1 0 0 0 1 0)1(NIL "small-conv-0.75-0" 16 1 252 "small-conv-1-0" 16 1 252)
#(0 0 0 0 1 0 0 0 0 0 -1 -1 1 -1 -1 0 0 0 0 0 0 0 0 -1 1 0 0 0 1 1 1 -1 1 0 1 0 0 0 -1 1 0 -1 1 0 0 0 0 0 1 0 1 1 0 0 0 0 1 0 0 -1 0 0 0 0 -1 -1 0 -1
  0 1 0 0 0 0 0 -1 0 0 0 0 0)1(NIL "small-conv-0.75-0" 16 1 252 "small-conv-1-0" 16 1 252)
